1.953007000578865558e-07 5.959907628064117715e-09
1.998512273631540043e-07 5.561993439720778734e-09
2.045076785309565055e-07 5.190653969843414052e-09
2.092727255145832678e-07 4.844099399863784515e-09
2.141488494135170666e-07 4.520679361037782232e-09
2.191385313272406777e-07 4.218856021231182759e-09
2.242444432090433093e-07 3.937185507357345903e-09
2.294692570122141431e-07 3.674323776978002824e-09
2.348160263976550669e-07 3.429002105272700993e-09
2.402872324648488830e-07 3.200065541247957545e-09
2.458859288746975057e-07 2.986413461566162199e-09
2.516149784342964698e-07 2.787029053400246002e-09
2.574776256583540958e-07 2.600952890265919593e-09
2.634769242077722980e-07 2.427298699025573052e-09
2.696159277434528850e-07 2.265240659916627194e-09
2.758978807801042301e-07 2.114004437257582632e-09
2.823264095400473599e-07 1.972860959594464660e-09
2.889045676841841360e-07 1.841144076928717771e-09
2.956359814348356379e-07 1.718221444999872007e-09
3.025242770143228393e-07 1.603504995878494467e-09
3.095730806449667669e-07 1.496447387297625436e-09
3.167862094028948004e-07 1.396536286536765417e-09
3.241672895104279135e-07 1.303297207211790481e-09
3.317203288974999979e-07 1.216283400409228904e-09
3.394495263478511925e-07 1.135077274309439570e-09
3.473586989376086653e-07 1.059294018405042635e-09
3.554520454505127669e-07 9.885713364233913887e-10
3.637341463779162366e-07 9.225689977797613555e-10
3.722092005035592662e-07 8.609734791921983354e-10
3.808815974649882948e-07 8.034912036656952974e-10
3.897561086073626265e-07 7.498464081913004010e-10
3.988375052758415124e-07 6.997826090024602804e-10
4.081303679617777977e-07 6.530619758865527685e-10
4.176398497179433868e-07 6.094602003269732715e-10
4.273709127433039368e-07 5.687694670747511489e-10
4.373287100906314582e-07 5.307954621925539942e-10
4.475183948126978024e-07 4.953572335494594084e-10
4.579455016698878976e-07 4.622850041418963705e-10
4.686157562763926547e-07 4.314202766564093036e-10
4.795345025387904901e-07 4.026165741987794640e-10
4.907076569250788264e-07 3.757359436551431528e-10
5.021411359032551393e-07 3.506500154892205035e-10
5.138410467951231518e-07 3.272388831902913559e-10
5.258134969224869043e-07 3.053909152822412723e-10
5.380649753147628261e-07 2.850015052404980401e-10
5.506017801475610459e-07 2.659735873446690971e-10
5.634307821579110168e-07 2.482159332931038970e-10
5.765588520828418742e-07 2.316436807813173177e-10
5.899926698055766648e-07 2.161780361331853074e-10
6.037394877707574421e-07 2.017449603842573313e-10
6.178065584230261533e-07 1.882755498708743904e-10
6.322015159146375581e-07 1.757053143173497574e-10
6.469318035440402216e-07 1.639743884527482126e-10
6.620052463172953094e-07 1.530267175815006281e-10
6.774300509480763756e-07 1.428098668736503618e-10
6.932140424424449034e-07 1.332752689891770979e-10
7.093660000754938768e-07 1.243771357974971797e-10
7.258941305608969558e-07 1.160731688380022412e-10
7.428075948813601482e-07 1.083235109165896901e-10
7.601149814581699262e-07 1.010913271633720034e-10
7.778256421278382801e-07 9.434199359043229390e-11
7.959489287268775181e-07 8.804328838400628074e-11
8.144945747994124424e-07 8.216508743652037315e-11
8.334723138895678558e-07 7.667935025045929058e-11
8.528922612490812667e-07 7.155986100314690540e-11
8.727645321296903958e-07 6.678221156530220128e-11
8.931000051983582699e-07 6.232350137120929009e-11
9.139091774144351040e-07 5.816249971525690175e-11
9.352033091524969490e-07 5.427928722706403237e-11
9.569934699333128143e-07 5.065535720967938111e-11
9.792914926928781807e-07 4.727335527733966837e-11
1.002109019513380852e-06 4.411715832472272531e-11
1.025458074184622822e-06 4.117169921881712815e-11
1.049351062204017835e-06 3.842290319106485038e-11
1.073800961630398751e-06 3.585760771746468251e-11
1.098820941376405574e-06 3.346354755771015788e-11
1.124423025231839238e-06 3.122940149918803039e-11
1.150621908939789939e-06 2.914439389888995816e-11
1.177431906535736118e-06 2.719854314979634347e-11
1.204865996078510209e-06 2.538264655005228840e-11
1.232939064165009556e-06 2.368800109516650001e-11
1.261666951661162365e-06 2.210645903878798821e-11
1.291063972602446443e-06 2.063052103995107653e-11
1.321145967854791057e-06 1.925312345220692416e-11
1.351928014868898579e-06 1.796772254014186417e-11
1.383428053902568211e-06 1.676811082863157310e-11
1.415661925821728374e-06 1.564859520705264433e-11
1.448646998322758736e-06 1.460381920405780337e-11
1.482400066540620063e-06 1.362881317041147382e-11
1.516940025002142425e-06 1.271889102959149331e-11
1.552285004818931750e-06 1.186971418472473666e-11
1.588452946248785970e-06 1.107724503634434169e-11
1.625464079795180526e-06 1.033767519452175778e-11
1.663336918277333311e-06 9.647494227679611747e-12
1.702093028175363867e-06 9.003379040435894015e-12
1.741752067431328734e-06 8.402269800806697985e-12
1.782335029963928130e-06 7.841295541135235002e-12
1.823862909691862909e-06 7.317782740306759841e-12
1.866358990779509737e-06 6.829214951229835583e-12
1.909845412268408117e-06 6.373264493740828126e-12
1.954344885761515390e-06 5.947757308860805321e-12
1.999880695423209072e-06 5.550663209541160343e-12
2.046477652248317077e-06 5.180079416328058125e-12
2.094160567231667745e-06 4.834235621574672656e-12
2.142956159906151568e-06 4.511471435870972779e-12
2.192885424190470884e-06 4.210276211000635724e-12
2.243980805231707308e-06 3.929174829852816488e-12
2.296265205486625753e-06 3.666848806260978105e-12
2.349767253026181409e-06 3.422039256593879743e-12
2.404517484459393738e-06 3.193567637008962427e-12
2.460542619319153656e-06 2.980352880350910579e-12
2.517873194214481473e-06 2.781373093452303696e-12
2.576539745754394956e-06 2.595677554841009408e-12
2.636572810547914412e-06 2.422381070030783797e-12
2.698004833742121883e-06 2.260654092502204312e-12
2.760868260484100677e-06 2.109724622025235430e-12
2.825197444458996261e-06 1.968869688508188664e-12
2.891024830813893214e-06 1.837420306800554972e-12
2.958384773233936578e-06 1.714749242317114270e-12
3.027315442480400786e-06 1.600266130314686519e-12
3.097853100776495575e-06 1.493425148763509434e-12
3.170032101807368951e-06 1.393720373944001618e-12
3.243894433410420079e-06 1.300670334250039022e-12
3.319476357808861238e-06 1.213834314951087166e-12
3.396819862840091593e-06 1.132795241082407209e-12
3.475966936341513698e-06 1.057165319889040579e-12
3.556955749074401561e-06 9.865868541044969969e-13
3.639834014490347590e-06 9.207185838930334310e-13
3.724641811888688794e-06 8.592490950371712689e-13
3.811424946182954154e-06 8.018839764110201628e-13
3.900231130824736077e-06 7.483481553171097875e-13
3.991108079265626120e-06 6.983857742571792896e-13
4.084099687881090262e-06 6.517604836218975094e-13
4.179259395736912032e-06 6.082474243965445671e-13
4.276636824822747261e-06 5.676392776965808050e-13
4.376281597128251779e-06 5.297428774710726979e-13
4.478249060257272116e-06 4.943762398916768317e-13
4.582592653275593496e-06 4.613707306387565424e-13
4.689367723787060753e-06 4.305687296346733560e-13
4.798629619395522958e-06 4.018234610328273422e-13
4.910437504780954340e-06 3.749972811533403944e-13
5.024850544623329125e-06 3.499621041291782881e-13
5.141929812140685389e-06 3.265982850100019397e-13
5.261736380551060362e-06 3.047944327742966564e-13
5.384335140148622357e-06 2.844461640120665412e-13
5.509789072689470759e-06 2.654566176783836579e-13
5.638168794081963733e-06 2.477345049693487387e-13
5.769537286082203205e-06 2.311958944142526051e-13
5.903967073136607802e-06 2.157613998362438931e-13
6.041530679691600386e-06 2.013571948000833542e-13
6.182298721655535735e-06 1.879147404285703926e-13
6.326345632012898867e-06 1.753698316416493380e-13
6.473749660824302495e-06 1.636623887510055334e-13
6.624587149612290403e-06 1.527366404579543921e-13
6.778940165513605543e-06 1.425402542612255042e-13
6.936888867126921938e-06 1.330246475301036739e-13
7.098519138665106002e-06 1.241442506939525260e-13
7.263914955802958608e-06 1.158567538116834169e-13
7.433164111291410866e-06 1.081225660851400437e-13
7.606356306419457736e-06 1.009047465874810441e-13
7.783585059552218486e-06 9.416875760631978623e-14
7.964941980516750231e-06 8.788251879961971961e-14
8.150526313292366326e-06 8.201590330956550289e-14
8.340433484782252429e-06 7.654098976101393848e-14
8.534764647503782358e-06 7.143160941817004034e-14
8.733624771050459319e-06 6.666331094913956925e-14
8.937118825015788215e-06 6.221333848919406577e-14
9.145353687531334409e-06 5.806046205391902114e-14
9.358440053804792654e-06 5.418484029642216738e-14
9.576492436119983707e-06 5.056793830990388495e-14
9.799623438222667866e-06 4.719253106888346432e-14
1.002796093216310944e-05 4.404236475193186944e-14
1.026160988753481672e-05 4.110261550096815531e-14
1.050070008492611617e-05 3.835914997444282057e-14
1.074537084761565858e-05 3.579873323502002566e-14
1.099572905373501269e-05 3.340937297803987219e-14
1.125194074609571811e-05 3.117934856021223193e-14
1.151411089429127974e-05 2.909829048624212585e-14
1.178238073013840712e-05 2.715622101781328067e-14
1.205691057083445677e-05 2.534373543354049959e-14
1.233783973965807102e-05 2.365223078543755947e-14
1.262530946842596958e-05 2.207367418112961612e-14
1.291948007433550050e-05 2.060048224382369737e-14
1.322050996604594967e-05 1.922561313867050575e-14
1.352854037537403342e-05 1.794258046514410169e-14
1.384376024758805243e-05 1.674514972204048379e-14
1.416632035719504400e-05 1.562766947427888911e-14
1.449639056408267369e-05 1.458480293956303350e-14
1.483415981351924900e-05 1.361152743776618986e-14
1.517979987393049934e-05 1.270322029718497955e-14
1.553348060520409711e-05 1.185557540332551345e-14
1.589541003798898146e-05 1.106449451830761176e-14
1.626578093462959266e-05 1.032620338258919199e-14
1.664477078916584661e-05 9.637213905184780758e-15
1.703258954078475310e-05 8.994216884089777785e-15
1.742945094574944288e-05 8.394129853062506946e-15
1.783555921763273588e-05 7.834098383751044976e-15
1.825113002123582837e-05 7.311448106612458176e-15
1.867638092989798218e-05 6.823686683819736347e-15
1.911154669380102865e-05 6.369623996192073374e-15
1.955684679482229516e-05 5.940597763726046379e-15
2.001251025752942320e-05 5.549746222534560975e-15
2.047880427725132449e-05 5.178355613264650368e-15
2.095595787855566088e-05 4.833178646315511175e-15
2.144423825677133053e-05 4.509515833130408253e-15
2.194387443646598511e-05 4.208984377987006052e-15
2.245517178372981670e-05 3.929806278719916722e-15
2.297837840851110530e-05 3.665462862528048032e-15
2.351378059151939772e-05 3.421306901103368052e-15
2.406164552808362262e-05 3.194731786577095279e-15
2.462227858429396189e-05 2.980862831576076610e-15
2.519598512624061440e-05 2.782039340207722322e-15
2.578305143463312696e-05 2.596628998798059905e-15
2.638380196094233351e-05 2.423059488185078430e-15
2.699854207125841935e-05 2.262085242508052407e-15
2.762759621705221844e-05 2.110941421429763535e-15
2.827132702055582813e-05 1.970316079687525443e-15
2.893005893324007900e-05 1.838857530896714084e-15
2.960411640657580499e-05 1.716636647407835444e-15
3.029390023355637028e-05 1.601991683858376588e-15
3.099973486565260882e-05 1.495505598091187865e-15
3.172204018123853683e-05 1.395871958632240799e-15
3.246115971716561320e-05 1.302664741105888804e-15
3.321751335180785075e-05 1.216103720123545775e-15
3.399148279277799213e-05 1.135061152054784791e-15
3.478346883306941505e-05 1.059523704530474753e-15
3.559392952181740256e-05 9.889699879257129067e-16
3.642326565201533238e-05 9.231211181015998176e-16
3.727193527279848754e-05 8.617406982830519791e-16
3.814035826254088087e-05 8.044089470624027650e-16
3.902903084113908594e-05 7.508775102165324974e-16
3.993841105772837221e-05 7.009119466684508025e-16
4.086897604682467137e-05 6.542881815676538353e-16
4.182122202832454341e-05 6.107809873101190666e-16
4.279566430750519023e-05 5.701699288101395672e-16
4.379279910426315826e-05 5.322758832691695517e-16
4.481317989463693313e-05 4.968988768671323484e-16
4.585732198390370996e-05 4.638853030209031849e-16
4.692579793348259590e-05 4.330652511004195197e-16
4.801916121941205627e-05 4.042983198909338061e-16
4.913800348849184688e-05 3.774409620975500861e-16
5.028293547290234512e-05 3.523865123062068323e-16
5.145452973406265814e-05 3.290033617706986923e-16
5.265341608953379843e-05 3.071684212765085447e-16
5.388024344225744743e-05 2.867923589528388099e-16
5.513564160979459052e-05 2.677754754763144718e-16
5.642029766584818611e-05 2.500239773259685495e-16
5.773489868412114519e-05 2.334519930562138564e-16
5.908011265293577078e-05 2.179895954656432854e-16
6.045668390213690624e-05 2.035516213100994452e-16
6.186533767618874633e-05 1.900776749981746979e-16
6.330679921955549257e-05 1.774986041211908864e-16
6.478183194746265055e-05 1.657575832329796966e-16
6.629125653127757695e-05 1.547990627237903154e-16
6.783583638622575705e-05 1.445677192053377048e-16
6.941641126905521650e-05 1.350189229992687551e-16
7.103382093651399451e-05 1.261043428863440614e-16
7.268890514535010321e-05 1.177819326503409979e-16
7.438256090845349387e-05 1.100136744075814872e-16
7.611566615333343526e-05 1.027617800815659051e-16
7.788917514902181784e-05 9.599169735042676871e-17
7.970398490840853868e-05 8.967135826242510422e-17
8.156108787128674490e-05 8.377095354230324471e-17
8.346145739206890107e-05 7.826236260041566487e-17
8.540612408130943806e-05 7.311973945133801114e-17
8.739608037880142166e-05 6.831826098150262319e-17
8.943241415124120837e-05 6.383551437504895819e-17
9.151617509456380314e-05 5.965031085136783867e-17
9.364850833160742033e-05 5.574253201652183843e-17
9.583052081444901765e-05 5.209391299455915971e-17
9.806337675130745132e-05 4.868707500317620536e-17
1.003482021796403074e-04 4.550615050488385567e-17
1.026864094176146779e-04 4.253553896695985917e-17
1.050789909050237238e-04 3.976191370417061890e-17
1.075273017038926520e-04 3.717175303707244842e-17
1.100326968762467105e-04 3.475294127557431402e-17
1.125963978864466270e-04 3.249417641854500621e-17
1.152198933941821018e-04 3.038460938272635247e-17
1.179045957176202676e-04 2.841434976585784508e-17
1.206517072357412646e-04 2.657429014736594774e-17
1.234629074620411304e-04 2.485561125764741789e-17
1.263396087146869979e-04 2.325028340428906079e-17
1.292832996533685268e-04 2.175080929994856666e-17
1.322956025354399105e-04 2.035009112232947160e-17
1.353781014474939775e-04 1.904159873807465631e-17
1.385323995615042657e-04 1.781919559955065918e-17
1.417601954763474006e-04 1.667716274822874093e-17
1.450632068762807716e-04 1.561014303011123872e-17
1.484432087017035714e-04 1.461316902528904395e-17
1.519018995514925341e-04 1.368160054408277094e-17
1.554413024759951291e-04 1.281105719684882868e-17
1.590630015618042662e-04 1.199755310914516458e-17
1.627691916276931511e-04 1.123723919493149558e-17
1.665617048702029430e-04 1.052662304697237462e-17
1.704426025104424495e-04 9.862399758623247062e-18
1.744139075987591943e-04 9.241490514206300711e-18
1.784777958685457278e-04 8.661024788956118012e-18
1.826363094555302834e-04 8.118338955631250625e-18
1.868917004346279788e-04 7.610916870254893924e-18
1.912463926491797224e-04 7.136417177173182136e-18
1.957022564664879301e-04 6.692701805345509805e-18
2.002621356082674958e-04 6.277685962035758493e-18
2.049283203201948754e-04 5.889488699767254857e-18
2.097031008479464432e-04 5.526354704187575713e-18
2.145891491448114114e-04 5.186616328204996150e-18
2.195891371640789919e-04 4.868723642736360680e-18
2.247055460052319780e-04 4.571251529061230032e-18
2.299412384753658377e-04 4.292841245325125803e-18
2.352988865277698372e-04 4.032245983161893292e-18
2.407813529695394719e-04 3.788289533183434577e-18
2.463915006077702368e-04 3.559881997935712164e-18
2.521323831033641543e-04 3.345996230989761867e-18
2.580070541172230572e-04 3.145682114906902015e-18
2.640187581640552239e-04 2.958043699625368089e-18
2.701703580509562039e-04 2.782259324171513855e-18
2.764652891464407214e-04 2.617549711923584723e-18
2.829069868190232841e-04 2.463186825888998435e-18
2.894986955834123331e-04 2.318501393945016500e-18
2.962440416619288217e-04 2.182856998682028702e-18
3.031464604230873117e-04 2.055668817012093402e-18
3.102097689430153107e-04 1.936383168336846041e-18
3.174377842978401637e-04 1.824486437934922527e-18
3.248339418560765410e-04 1.719503330557407261e-18
3.324026312552709082e-04 1.620981886712177099e-18
3.401476695715506646e-04 1.528505928940021287e-18
3.480730647348496010e-04 1.441686807049570097e-18
3.561832063827142375e-04 1.360158067805717492e-18
3.644822932988845939e-04 1.283579730179141675e-18
3.729747151209072444e-04 1.211634679777587420e-18
3.816650523401350463e-04 1.144026039269220702e-18
3.905576945941144655e-04 1.080477963921547710e-18
3.996577949356175342e-04 1.020729393516926632e-18
4.089697430021907183e-04 9.645405840717212411e-19
4.184986918466059957e-04 9.116851335602159444e-19
4.282497945216353990e-04 8.619514884865079741e-19
4.382280132262444060e-04 8.151441259117168721e-19
4.484386918670114409e-04 7.710787534323228749e-19
4.588873652043212650e-04 7.295827553820131532e-19
4.695793771447521396e-04 6.904963445458806388e-19
4.805206441563015553e-04 6.536688118815123917e-19
4.917167009993542734e-04 6.189610182818406078e-19
5.031738458495202968e-04 5.862403728572254047e-19
5.148976134671846578e-04 5.553858997513402144e-19
5.268948745893763715e-04 5.262815438364473016e-19
5.391715456840930369e-04 4.988215241735877974e-19
5.517341157807511024e-04 4.729053337835765287e-19
5.645896464701864086e-04 4.484385450100313152e-19
5.777444359280091207e-04 4.253348474295148192e-19
5.912059274526674287e-04 4.035111544946571863e-19
6.049809917811907814e-04 3.828915138645350523e-19
6.190770722120276940e-04 3.634039241631305995e-19
6.335016120436264648e-04 3.449808984445603291e-19
6.482622454282418924e-04 3.275599253393346047e-19
6.633666065181286669e-04 3.110822900884030785e-19
6.788230928807672615e-04 2.954922871114883414e-19
6.946397203760249330e-04 2.807384383982389354e-19
7.108248865713821547e-04 2.667722144978095066e-19
7.273869890343190748e-04 2.535487144232258556e-19
7.443351887475414081e-04 2.410247976136732048e-19
7.616782649861421946e-04 2.291607219906094619e-19
7.794251878790208659e-04 2.179191837968133177e-19
7.975858818241084863e-04 2.072647999557281974e-19
8.161696986579172709e-04 1.971648366844893709e-19
8.351863719245720009e-04 1.875882533059981139e-19
8.546462077296167409e-04 1.785059280252182709e-19
8.745595121785953389e-04 1.698906190124294850e-19
8.949367822308580342e-04 1.617166306179368015e-19
9.157887056995616748e-04 1.539598835336396805e-19
9.371265429592820669e-04 1.465976220809559578e-19
9.589617452384012995e-04 1.396085283980378115e-19
9.813055729114951789e-04 1.329726803473768009e-19
1.004170049768364969e-03 1.266710023070624236e-19
1.027567008745005651e-03 1.206858823386051535e-19
1.051509046192637339e-03 1.150005606566345080e-19
1.076010094439125431e-03 1.095989615964702123e-19
1.101081032151432840e-03 1.044666997971803965e-19
1.126735982511230813e-03 9.958961191084964234e-20
1.152989068700190599e-03 9.495436875087367744e-20
1.179853077923339244e-03 9.054877743125673133e-20
1.207344041900411478e-03 8.636077120789405875e-20
1.235474938690240849e-03 8.237951987294522130e-20
1.264261990866368153e-03 7.859435461946903965e-20
1.293718939902852505e-03 7.499570431488283038e-20
1.323862962642266767e-03 7.157397081651998025e-20
1.354708945681508186e-03 6.832047650425801147e-20
1.386272920740311493e-03 6.522698785804749913e-20
1.418573018930281834e-03 6.228545418177042108e-20
1.451626035386379939e-03 5.948850032043034411e-20
1.485448956097372387e-03 5.682912082270331135e-20
1.520059912174864542e-03 5.430070328783028985e-20
1.555477034730461334e-03 5.189692977479086879e-20
1.591719981706218607e-03 4.961180599061199429e-20
1.628807075067548443e-03 4.743975340650133128e-20
1.666757972756506253e-03 4.537546197042194530e-20
1.705594050399405733e-03 4.341378026623903205e-20
1.745334011669271096e-03 4.155005820055516044e-20
1.785999995607641389e-03 3.977967298812223350e-20
1.827613950402248505e-03 3.809830941861297783e-20
1.870198015094631707e-03 3.650192691342790006e-20
1.913773183603491908e-03 3.498669728902044224e-20
1.958364266923656553e-03 3.354889568222510636e-20
2.003993594950471187e-03 3.218507363042773775e-20
2.050687887216828039e-03 3.089184254258744712e-20
2.098468137641426503e-03 2.966617318758424568e-20
2.147362974295222941e-03 2.850497646003508339e-20
2.197395299634981747e-03 2.740546470014985183e-20
2.248595650269721250e-03 2.636483526267880802e-20
2.300986928656206711e-03 2.538059233853406331e-20
2.354599671403456891e-03 2.445017151363194414e-20
2.409462506582426850e-03 2.357123888483878077e-20
2.465604062264072516e-03 2.274151265036161817e-20
2.523051057981285251e-03 2.195886823270817417e-20
2.581839755957275346e-03 2.122113231838409212e-20
2.641994967186871331e-03 2.052638531821807917e-20
2.703554862431345896e-03 1.987261446389176408e-20
2.766546161223592572e-03 1.925801374122207781e-20
2.831007034324883181e-03 1.868075575636066730e-20
2.896969926882302353e-03 1.813910665023493375e-20
2.964469192580995813e-03 1.763138312412660819e-20
3.033541093644172987e-03 1.715596422994069077e-20
3.104223800833109167e-03 1.671126180664838717e-20
3.176551667832950079e-03 1.629575977839075492e-20
3.250564773943033416e-03 1.590797449443959259e-20
3.326303198462697303e-03 1.554645872651257678e-20
3.403807020691278565e-03 1.520982589804658322e-20
3.483114411390050760e-03 1.489674380723313410e-20
3.564271175472543979e-03 1.460588682446274809e-20
3.647319300776158749e-03 1.433600383585456988e-20
3.732300775138296025e-03 1.408589871501665334e-20
3.819263312010548733e-03 1.385437677295825519e-20
3.908252716306444795e-03 1.364033147168299545e-20
3.999314792939513870e-03 1.344268448585990515e-20
4.092499163899411714e-03 1.326039710466625993e-20
4.187855451175793650e-03 1.309249312604286997e-20
4.285431368220252168e-03 1.293802489384978902e-20
4.385282262636636293e-03 1.279611085139796765e-20
4.487459664952663310e-03 1.266589716686556716e-20
4.592017014234117678e-03 1.254658678970234514e-20
4.699011566622911251e-03 1.243742417711411829e-20
4.808498669722889585e-03 1.233770113832673569e-20
4.920535579675963667e-03 1.224674269352724494e-20
5.035185278238236452e-03 1.216393694405906251e-20
5.152505021551618061e-03 1.208868045199056677e-20
5.272557791372210582e-03 1.202043815987163232e-20
5.395408477994179802e-03 1.195869968467226933e-20
5.521121971711691508e-03 1.190300348122145715e-20
5.649763162818909751e-03 1.185288982997730095e-20
5.781402667224193152e-03 1.180797017917092453e-20
5.916109192297834898e-03 1.176787178136480841e-20
6.053955262486252972e-03 1.173224183609908183e-20
6.195011493697806862e-03 1.170077614355957729e-20
6.339356135993106517e-03 1.167317008211220643e-20
6.487063622356637090e-03 1.164917295742481051e-20
6.638212202849007662e-03 1.162853576473343815e-20
6.792882036068896220e-03 1.161103861911267486e-20
6.951155189153040981e-03 1.159648938398151734e-20
7.113117546314307559e-03 1.158470190226115392e-20
7.278853083227497869e-03 1.157551175661381032e-20
7.448451501181606663e-03 1.156878208991119790e-20
7.622000592927563253e-03 1.156438330439131022e-20
7.799591968292426090e-03 1.156219122281191842e-20
7.981322962717442987e-03 1.156211459733829841e-20
8.167287094567734357e-03 1.156405844625594496e-20
8.357585516360677147e-03 1.156795080609141383e-20
8.552317472075583737e-03 1.157373056225230433e-20
8.751586022767890438e-03 1.158134634321386635e-20
8.955498046569169632e-03 1.159074348480054805e-20
9.164160421610981558e-03 1.160190102387286218e-20
9.377685751639089698e-03 1.161479369453441286e-20
9.596186640399250595e-03 1.162940414317433489e-20
9.819777600175284490e-03 1.164573092950963987e-20
1.004858077740326990e-02 1.166376692890319106e-20
1.028271068436702532e-02 1.168353781222967977e-20
1.052230091873101493e-02 1.170504568154688606e-20
1.076746980985518118e-02 1.172832979236796452e-20
1.101834904686592280e-02 1.175342290139091436e-20
1.127507986157995357e-02 1.178035978133015519e-20
1.153779012604753962e-02 1.180919527385576557e-20
1.180661916354733103e-02 1.183999093007581531e-20
1.208171011443410527e-02 1.187280625888474754e-20
1.236320993613876547e-02 1.190771681829110593e-20
1.265128085439672957e-02 1.194480551734761842e-20
1.294605074125825851e-02 1.198416819995376802e-20
1.324770090783940896e-02 1.202589440033858796e-20
1.355635922619044878e-02 1.207009687572070537e-20
1.387222990988418690e-02 1.211689715874436506e-20
1.419545037366121663e-02 1.216642763590129760e-20
1.452620956278984077e-02 1.221882628204035479e-20
1.486466970300547204e-02 1.227423792081767419e-20
1.521101019688609994e-02 1.233284512808874455e-20
1.556542953239034750e-02 1.239480910450355328e-20
1.592811092917232815e-02 1.246033172527061759e-20
1.629922997273390572e-02 1.252961618187533086e-20
1.667900041933821284e-02 1.260289438151875680e-20
1.706762075694387079e-02 1.268040243268341249e-20
1.746530092473788653e-02 1.276240950881521887e-20
1.787223941067888830e-02 1.284919844816587856e-20
1.828865951372032200e-02 1.294106726585509425e-20
1.871479025842983854e-02 1.303835537127773773e-20
1.915084349253250162e-02 1.314143630240065479e-20
1.959705969182434088e-02 1.325067733215023886e-20
2.005367742356331529e-02 1.336651705902455552e-20
2.052092571231707227e-02 1.348941457332695012e-20
2.099905266803388584e-02 1.361987329955462250e-20
2.148832548604268089e-02 1.375843636012324350e-20
2.198901136167236842e-02 1.390569562960191700e-20
2.250135840487123284e-02 1.406230608383502843e-20
2.302563381096818518e-02 1.422897738996603197e-20
2.356214294605342430e-02 1.440648782724695400e-20
2.411113392007522768e-02 1.459569100227227042e-20
2.467293118450442427e-02 1.479752434480974369e-20
2.524780193466992506e-02 1.501301696973563116e-20
2.583607062204256594e-02 1.524330718768349611e-20
2.643806169809317236e-02 1.548964367586370073e-20
2.705406144353129927e-02 1.575340713227471912e-20
2.768443248058904960e-02 1.603613482387365400e-20
2.832946108997597134e-02 1.633952441300622767e-20
2.898954806468544837e-02 1.666546456940328309e-20
2.966499877080766567e-02 1.701604419437463083e-20
3.035619491595536665e-02 1.739360124089382145e-20
3.106349912236065075e-02 1.780073961787333927e-20
3.178727401225561744e-02 1.824035937509935788e-20
3.252792037863365404e-02 1.871571163462713322e-20
3.328581992910748660e-02 1.923041634505262204e-20
3.406137345667049204e-02 1.978852000725153592e-20
3.485501992507733515e-02 2.039455974069347700e-20
3.566714104194073504e-02 2.105356382840544640e-20
3.649817577101534954e-02 2.177112669896580465e-20
3.734858216143646659e-02 2.255346277350085835e-20
3.821879917695874401e-02 2.340734912978036708e-20
3.910930395209808591e-02 2.434016638997106667e-20
4.002055453598980100e-02 2.535979960313741568e-20
4.095302806314978644e-02 2.647443947197343841e-20
4.190723983885526888e-02 2.769222892393689163e-20
4.288366699762215239e-02 2.902077110655853145e-20
4.388286301548890989e-02 3.046613846691887973e-20
4.490534319773275412e-02 3.203152733630960410e-20
4.595162284963087013e-02 3.371520272452764450e-20
4.702229361798299784e-02 3.550764276702805946e-20
4.811792806420826102e-02 3.738787494777772229e-20
4.923906057896448862e-02 3.931918687449314676e-20
5.038634006519332464e-02 4.124508663423629806e-20
5.156033908431389284e-02 4.308695873072234698e-20
5.276168745388721409e-02 4.474642122297305943e-20
5.399105316223556245e-02 4.611408550689896832e-20
5.524902785615870560e-02 4.708645458514590975e-20
5.653633678012082858e-02 4.758748310337408833e-20
5.785362883706359621e-02 4.758756509721287115e-20
5.920162927145122128e-02 4.711119367058782139e-20
6.058102515698662177e-02 4.623036096246074615e-20
6.199256082351464053e-02 4.504652115996329623e-20
6.343698060088012736e-02 4.366925227736185223e-20
6.491506698968918521e-02 4.219969970123512624e-20
6.642758340516730087e-02 4.072100941504390249e-20
6.797535051868183742e-02 3.929579854605582241e-20
6.955916991621959033e-02 3.796793479793641972e-20
7.117990043990919669e-02 3.676616875761835166e-20
7.283840093187932130e-02 3.570840713743423711e-20
7.453553023425862900e-02 3.480527406642227086e-20
7.627220444531769561e-02 3.406306322396632415e-20
7.804935874870772006e-02 3.348595845622546920e-20
7.986790924269929204e-02 3.307773643654890343e-20
8.172882928170488448e-02 3.284290806445333718e-20
8.363311130551760730e-02 3.278773965856044636e-20
8.558176683931126294e-02 3.292096254165243183e-20
8.757580740825955667e-02 3.325443690676796544e-20
8.961632087905882504e-02 3.380377595781388857e-20
9.170439511840537683e-02 3.458880640760902484e-20
9.384109890761485606e-02 3.563387748152666612e-20
9.602759645490616114e-02 3.696777683200730149e-20
9.826505196849809332e-02 3.862268440813225120e-20
1.005545914858482631e-01 4.063131768297958080e-20
1.028976082397431435e-01 4.302075392549404693e-20
1.052950946699758861e-01 4.580039228232582711e-20
1.077484058385717036e-01 4.894087825630461524e-20
1.102589922344589940e-01 5.234276645059233482e-20
1.128279989804759770e-01 5.579944941402021438e-20
1.154568956509317290e-01 5.897771982276446981e-20
1.181469991370901473e-01 6.145729345215599891e-20
1.208998935255441165e-01 6.286166750950670383e-20
1.237168002806544459e-01 6.303235453517361137e-20
1.265993989159171218e-01 6.211689182626106940e-20
1.295491971764024808e-01 6.049230577945180654e-20
1.325677028071808872e-01 5.859925202090432721e-20
1.356564998948451284e-01 5.681418968877670133e-20
1.388173061236525896e-01 5.540728019009191745e-20
1.420518010070993264e-01 5.455953939433051401e-20
1.453616068025394559e-01 5.439931682498352493e-20
1.487484984503722185e-01 5.503666291858752620e-20
1.522143081471387382e-01 5.658894999430149898e-20
1.557609062601414684e-01 5.919645502332187251e-20
1.593902013274440810e-01 6.302200878135160324e-20
1.631038919479232963e-01 6.821688470898573002e-20
1.669043065380168001e-01 7.480816528833877565e-20
1.707931055258400110e-01 8.243473219515060712e-20
1.747725982424499780e-01 8.993420247347450801e-20
1.788448077381942503e-01 9.521903162290761614e-20
1.830118906610848084e-01 9.636440773928109059e-20
1.872760990860367625e-01 9.341538805176844861e-20
1.916395514903008468e-01 8.835466520293180316e-20
1.960673597980727434e-01 8.337002190281953134e-20
2.005974657460586341e-01 7.971122596804529797e-20
2.052323504337414117e-01 7.798619856388315902e-20
2.099743041067974603e-01 7.851330003879874089e-20
2.148256170109032470e-01 8.157748781865091469e-20
2.197891519531542381e-01 8.751145827594356929e-20
2.248673900330332986e-01 9.653007137320037468e-20
2.300630032038296080e-01 1.080264405235266958e-19
2.353784725650258924e-01 1.190992094876267333e-19
2.408168517775241824e-01 1.242863260405329109e-19
2.463810036484199162e-01 1.206961199123623963e-19
2.520736001310023289e-01 1.121747389330450769e-19
2.578976948861733121e-01 1.041896220322251337e-19
2.638563415748347851e-01 9.965017196997115479e-20
2.699527847116949819e-01 9.965908378922885028e-20
2.761900779576559328e-01 1.049153395775249803e-19
2.825712749736193907e-01 1.161887248930871529e-19
2.891001928357128659e-01 1.333014380288048638e-19
2.957796943510318521e-01 1.510045118723596321e-19
3.026137874495101188e-01 1.564960286131423700e-19
3.096055257920495296e-01 1.459564346209362508e-19
3.167591081623902793e-01 1.318471487517811481e-19
3.240777790752406573e-01 1.235188917505437021e-19
3.315655464605343772e-01 1.237950796239488328e-19
3.392262273943988382e-01 1.339261829461641795e-19
3.470640206605741795e-01 1.545338560606646413e-19
3.550829341889942259e-01 1.788908796823856580e-19
3.632871667633988944e-01 1.844113375545619847e-19
3.716807263137221762e-01 1.664464774554463803e-19
3.802683841851231539e-01 1.488529546080813813e-19
3.854080771906532310e-01 1.440929030295011513e-19
3.906170501278953822e-01 1.443609909625676450e-19
3.958964481196878826e-01 1.500799230002616957e-19
4.012470345812562122e-01 1.617136850171585573e-19
4.066701454892448497e-01 1.791848854587164087e-19
4.121665442588794415e-01 1.998420855024928173e-19
4.177371851591918372e-01 2.155404238251822766e-19
4.233830224592137204e-01 2.162497099682310634e-19
4.291053921355897360e-01 2.027981831510495858e-19
4.349048667497390497e-01 1.857299224243272275e-19
4.407827822783062510e-01 1.729107149250991357e-19
4.467402838441295043e-01 1.672118078919957730e-19
4.527781348624342894e-01 1.694978276514556622e-19
4.588976713098652516e-01 1.804079967778575621e-19
4.650998474554541295e-01 2.002282504722516772e-19
4.713859992758455686e-01 2.259775110417975516e-19
4.777570810400715295e-01 2.455922991890404551e-19
4.842140470171636957e-01 2.433306442218453178e-19
4.907586148913794521e-01 2.231934206148402084e-19
4.973913572241379089e-01 2.023126074993136742e-19
5.041138008458899700e-01 1.900873105201644182e-19
5.109272817332803918e-01 1.890271815864363741e-19
5.178325633015344875e-01 2.001295358485239838e-19
5.248313632349095315e-01 2.240988712849838337e-19
5.319248266562439653e-01 2.568768401553966810e-19
5.391140986883757868e-01 2.789468158148255255e-19
5.464003244541433268e-01 2.685099073718255292e-19
5.537852216378039705e-01 2.402996741605832786e-19
5.612699353621957155e-01 2.185002092033651981e-19
5.688558016039633181e-01 2.115223554245410501e-19
5.743107850976157946e-01 2.166098304508833474e-19
5.798180625342134187e-01 2.305865197094308660e-19
5.853782064751754666e-01 2.533756169086906182e-19
5.909915986281144562e-01 2.817313789581063230e-19
5.966588115544497750e-01 3.048268779199291910e-19
6.023804178156003664e-01 3.075661549392133432e-19
6.081569899729852846e-01 2.889050754672456237e-19
6.139889097342173807e-01 2.635609243802352500e-19
6.198765588069093946e-01 2.436080621956942678e-19
6.258208914600932316e-01 2.335100534451450314e-19
6.318220985475750950e-01 2.343941081372895099e-19
6.378809434845805759e-01 2.469161174721257989e-19
6.439978079787223031e-01 2.714954855478145628e-19
6.501734554452258674e-01 3.052974591849033170e-19
6.564080767378975834e-01 3.349885746495743031e-19
6.627026261257693562e-01 3.386255224388818477e-19
6.690576761702601294e-01 3.145104457957189134e-19
6.754734177251765503e-01 2.842375717734593351e-19
6.819508050595503024e-01 2.631917320951572585e-19
6.884904107348004398e-01 2.559420291415848361e-19
6.950926164585398137e-01 2.635650853918063597e-19
7.017581856459937928e-01 2.868387230650657890e-19
7.084875000047751170e-01 3.240596576254584098e-19
7.152815138039159137e-01 3.613908397266268542e-19
7.221406087510284788e-01 3.691160504698681441e-19
7.290655482613386251e-01 3.407186924141930445e-19
7.360569048962652960e-01 3.050486733741294384e-19
7.431152512172277680e-01 2.822698200576497261e-19
7.502411597856449843e-01 2.775451853361435188e-19
7.574355848705487393e-01 2.921254605186865517e-19
7.630693983807692593e-01 3.173052681680048263e-19
7.687451997283911709e-01 3.525660015634430067e-19
7.744633706210271029e-01 3.878428309431331995e-19
7.802239110586771664e-01 4.028925382328245319e-19
7.860272027489538793e-01 3.866012041137869673e-19
7.918738182532764069e-01 3.536466459303512444e-19
7.977639484254512858e-01 3.235118193964566732e-19
8.036977841192846084e-01 3.051001541877806494e-19
8.096757070423894476e-01 3.006536099832198082e-19
8.156980989023783213e-01 3.108413028080296605e-19
8.217655322606703949e-01 3.362221139633353132e-19
8.278778162634592430e-01 3.750777299122384495e-19
8.340357143259704564e-01 4.159925987258097301e-19
8.402394173020103496e-01 4.330309597954298203e-19
8.464891160453852370e-01 4.118289654843654629e-19
8.527853831175143950e-01 3.729100188269866097e-19
8.591286002260102306e-01 3.403235951845319720e-19
8.655187673708730767e-01 3.233585078175042368e-19
8.719566479673284132e-01 3.239537717971032219e-19
8.784424328691823325e-01 3.429223843992523866e-19
8.849763129302413711e-01 3.803728922830010537e-19
8.915588607119246944e-01 4.292624921764573460e-19
8.981904579218449314e-01 4.629523750908262840e-19
9.048712954138085074e-01 4.511220456578826191e-19
9.116017548954281624e-01 4.082816303142571503e-19
9.183824089281229508e-01 3.686479191982737474e-19
9.252134483656992980e-01 3.474389801778559122e-19
9.320952549157699440e-01 3.477290198398111145e-19
9.390284011397539432e-01 3.705014618862424799e-19
9.460128870376514065e-01 4.153259734598575882e-19
9.517621671007254758e-01 4.606134876811428413e-19
9.575463734103651925e-01 4.921191475115408518e-19
9.633658876741834076e-01 4.868236391900966051e-19
9.692205190383734736e-01 4.506206002802873936e-19
9.751108400643546670e-01 4.093983644419708550e-19
9.810370416059333021e-01 3.796685864719441664e-19
9.869991236631094900e-01 3.664405039021973413e-19
9.929974679434957485e-01 3.707297304451795074e-19
9.990324561547049287e-01 3.931979208298815334e-19
1.005104088296737030e+00 4.335878760116086133e-19
1.011211982661979647e+00 4.848028877192928443e-19
1.017358047788495812e+00 5.226286975664784367e-19
1.023540947699641324e+00 5.172184179730886258e-19
1.029761064103029033e+00 4.754745049719925120e-19
1.036018969560077885e+00 4.298870617300439551e-19
1.042316000047432523e+00 3.994898429764573843e-19
1.048650056173222600e+00 3.892785285795558105e-19
1.055023046475512372e+00 4.002345865661297452e-19
1.061434970954301171e+00 4.330295287828171580e-19
1.067886020463395980e+00 4.850937341328015742e-19
1.074376004148990038e+00 5.388604821771359565e-19
1.080904922011083569e+00 5.555235734006234750e-19
1.087473919172514458e+00 5.198690208161583670e-19
1.094082995633283151e+00 4.666836880929864719e-19
1.100731960539583110e+00 4.270816433759558240e-19
1.107421959014252444e+00 4.106392552582210778e-19
1.114152036788259137e+00 4.189851447331105522e-19
1.120922957276829113e+00 4.529965150376588788e-19
1.127736056456606795e+00 5.102683802773712428e-19
1.134589044081915743e+00 5.702755278890536986e-19
1.140419055305084139e+00 5.877017065842182612e-19
1.146279030575852564e+00 5.591384553671106387e-19
1.152168969894221018e+00 5.091142532194749431e-19
1.158089064113995814e+00 4.654393174110592607e-19
1.164040076650402655e+00 4.396651180485780591e-19
1.170021053234409303e+00 4.343368986492355377e-19
1.176032948135047773e+00 4.501137033111119463e-19
1.182075952206124603e+00 4.874386928675269745e-19
1.188150065447639570e+00 5.429377304676216764e-19
1.194254906151980045e+00 5.986824396480176347e-19
1.200392001149596988e+00 6.179326023179854891e-19
1.206560014463845754e+00 5.843697315783344648e-19
1.212760091217564673e+00 5.284996293268876301e-19
1.218991086287915193e+00 4.824247565429042947e-19
1.225254908212961569e+00 4.580125076826688357e-19
1.231550030162252618e+00 4.575065686531523708e-19
1.237878933235270651e+00 4.816634606085103529e-19
1.244238945478727043e+00 5.304450320837788935e-19
1.250632929699717177e+00 5.955669430690340441e-19
1.257058977360177687e+00 6.451377992670362417e-19
1.263518042729139923e+00 6.372813105606081369e-19
1.270011080075635901e+00 5.819113569628711373e-19
1.276535990007795718e+00 5.239438780819780775e-19
1.283095062771295369e+00 4.876495504205714171e-19
1.289687916658522893e+00 4.785786413225525212e-19
1.296316078499928359e+00 4.977464947800094412e-19
1.302975922073191128e+00 5.455755704484799531e-19
1.309671073600632507e+00 6.151288570770516974e-19
1.316400960520833108e+00 6.731486377213228686e-19
1.323165010272373765e+00 6.684019807154374866e-19
1.329054949590742218e+00 6.172230264114724799e-19
1.334970081611551285e+00 5.597130549262848011e-19
1.340911933165252368e+00 5.184690552384868910e-19
1.346881076813263967e+00 5.000486537747727066e-19
1.352875985725135566e+00 5.055838137378175514e-19
1.358897995877512033e+00 5.357331579056247222e-19
1.364945962147554370e+00 5.898244145828707368e-19
1.371021983927133148e+00 6.578558004707884024e-19
1.377123961824377796e+00 7.072310628579908302e-19
1.383253995231159106e+00 6.988401328257694716e-19
1.389410939024638525e+00 6.422634660195338264e-19
1.395594984058622146e+00 5.803574189258591728e-19
1.401807084602142428e+00 5.383000664522367823e-19
1.408045904678554283e+00 5.226607322339459929e-19
1.414313925387340687e+00 5.345138665842114331e-19
1.420609047336631514e+00 5.745216084503278357e-19
1.426932033941652245e+00 6.399902768109798660e-19
1.433283076056209415e+00 7.115424891689275247e-19
1.439662937095528505e+00 7.421439120633006826e-19
1.446071044498189906e+00 7.038386662888293463e-19
1.452507016556581432e+00 6.340430768540829152e-19
1.458972952662572986e+00 5.764355403106737868e-19
1.465466944278100980e+00 5.468923981267235618e-19
1.471988991403164970e+00 5.481289596321119066e-19
1.478541002575829211e+00 5.809871603011769700e-19
1.485122023527061463e+00 6.446624460839169171e-19
1.491733008525893744e+00 7.245769689929884240e-19
1.498372049034262465e+00 7.728132235009636147e-19
1.505042007859263009e+00 7.439488942321640226e-19
1.511740976462831787e+00 6.697788889074248777e-19
1.517675957279503329e+00 6.110769384856874395e-19
1.523634985675777598e+00 5.758852290518946998e-19
1.529616916528816040e+00 5.675330084009460283e-19
1.535621940692425191e+00 5.866991720565788138e-19
1.541651012435637069e+00 6.338023803478119579e-19
1.547703940904644915e+00 7.046002335310404026e-19
1.553779962684223692e+00 7.767642421023684510e-19
1.559880032043404974e+00 8.035914109054048642e-19
1.566004912397414239e+00 7.620594505835979787e-19
1.572153076915800751e+00 6.895785959247719143e-19
1.578324907306176916e+00 6.281984714914420444e-19
1.584521930398993916e+00 5.940536551701268680e-19
1.590743001071413421e+00 5.901509780963695531e-19
1.596989073592467223e+00 6.172234534454342141e-19
1.603258048570285421e+00 6.753197645728997978e-19
1.609552979665769934e+00 7.560109324176274718e-19
1.615871958340856951e+00 8.241740610719275330e-19
1.622215938864578266e+00 8.258108270144289685e-19
1.628584921236934324e+00 7.612041480603173345e-19
1.634978905457924458e+00 6.846342158573157232e-19
1.641398082381355428e+00 6.316384914503971112e-19
1.647843024568646397e+00 6.115891471243233233e-19
1.654312014335539871e+00 6.258383549678004286e-19
1.660806960220099660e+00 6.750704380507249261e-19
1.667328053076131855e+00 7.551190887043924961e-19
1.673873956926992257e+00 8.384640632653172068e-19
1.680446007749325288e+00 8.638303199496791326e-19
1.687043060420292617e+00 8.069521726312363674e-19
1.693667023477958056e+00 7.227816965275755193e-19
1.700315988384257793e+00 6.600446653685847245e-19
1.706287994839364996e+00 6.343191155202771559e-19
1.712280040944141435e+00 6.389554208513966455e-19
1.718294035236649808e+00 6.746088256864566509e-19
1.724328069178827416e+00 7.405157457662938231e-19
1.730384051308737181e+00 8.251542595124631844e-19
1.736461981626379547e+00 8.896407420207561160e-19
1.742559951593690704e+00 8.838021974768207998e-19
1.748680060602540776e+00 8.147927570984453181e-19
1.754820972676285118e+00 7.356401489634967870e-19
1.760984023791568154e+00 6.798287123881789661e-19
1.767169023094584013e+00 6.565134069940495092e-19
1.773375016316300234e+00 6.670292872824236753e-19
1.779602957725749057e+00 7.120585504728794561e-19
1.785853038176736796e+00 7.892194030993708369e-19
1.792125066815456691e+00 8.788422931272229775e-19
1.798419043641909409e+00 9.275370633382844907e-19
1.804734968656094729e+00 8.919545504126490110e-19
1.811073986980850536e+00 8.073196334820434211e-19
1.817433999224306929e+00 7.306098380733461856e-19
1.823816913924527716e+00 6.861332003395197647e-19
1.830221967666287419e+00 6.785359202895097149e-19
1.836649923864811518e+00 7.086585504863023046e-19
1.843100019104874088e+00 7.765076794044498446e-19
1.849573016801701497e+00 8.714953685886958197e-19
1.856068916955293080e+00 9.490528240267130984e-19
1.862587910419455151e+00 9.436724585143555937e-19
1.869129042925156359e+00 8.629107985772339028e-19
1.875693077887621740e+00 7.744900722759663160e-19
1.882280969575883534e+00 7.173728670312140829e-19
1.888891954574715815e+00 7.004863644468745317e-19
1.894892970808391253e+00 7.208786034063915045e-19
1.900913072422703909e+00 7.756453452563703436e-19
1.906952068563846803e+00 8.603692754387577123e-19
1.913009768378014064e+00 9.502400904559566201e-19
1.919088462110881910e+00 9.896253939167618751e-19
1.925184332686323163e+00 9.446527138109089273e-19
1.931301197180464779e+00 8.562531365840519255e-19
1.937437147055243392e+00 7.779637309233323506e-19
1.943592182310659000e+00 7.319173416893206232e-19
1.949766302946711827e+00 7.224197554435617278e-19
1.955961417501465016e+00 7.502197281654623496e-19
1.962175617436855202e+00 8.155475645480333263e-19
1.968408902752882383e+00 9.105708135778924240e-19
1.974663181987609928e+00 9.989163237267184294e-19
1.980936546602974913e+00 1.015388096902479606e-18
1.987230905137040038e+00 9.458680590109259945e-19
1.993544349051742381e+00 8.510452621563745693e-19
1.999876878347081721e+00 7.797334089929506357e-19
2.006230401561121646e+00 7.467797288654503137e-19
2.012604918693861933e+00 7.543125549391628804e-19
2.018998521207239882e+00 8.030831841797255778e-19
2.025413117639317750e+00 8.907122060475313261e-19
2.031846799452032837e+00 9.947615672739998469e-19
2.038303383721512319e+00 1.051280475774271332e-18
2.044779053371628574e+00 1.007826389712891797e-18
2.051273808402382048e+00 9.085777047480715404e-19
2.057791465889899918e+00 8.214180045304931709e-19
2.064330117296118150e+00 7.734935537816030967e-19
2.070887854082973600e+00 7.694675854875491743e-19
