1.000000000000000048e-04 5.856500869364968479e-14
1.032516635984252111e-04 5.320435443086022129e-14
1.066090603584237529e-04 4.833438009252131886e-14
1.100756283667217797e-04 4.391017195182955914e-14
1.136549175050604048e-04 3.989092740056013977e-14
1.173505930853926526e-04 3.623957864323432234e-14
1.211664396032865782e-04 3.292245083594529340e-14
1.251063646133745045e-04 2.990895151700009600e-14
1.291744027308208535e-04 2.717128846511819353e-14
1.333747197629021257e-04 2.468421338311129009e-14
1.377116169749340567e-04 2.242478904313972306e-14
1.421895354949108685e-04 2.037217774602296411e-14
1.468130608613687929e-04 1.850744914364930523e-14
1.515869277191319252e-04 1.681340565210848044e-14
1.565160246677460532e-04 1.527442384540470646e-14
1.616053992675695495e-04 1.387631036698707198e-14
1.668602632086428270e-04 1.260617103022961779e-14
1.722859976476347459e-04 1.145229190062620905e-14
1.778881587183267726e-04 1.040403126297103490e-14
1.836724832212794636e-04 9.451721477181154858e-15
1.896448944985096481e-04 8.586579817617079996e-15
1.958115084991895864e-04 7.800627473609412136e-15
2.021786400425852170e-04 7.086615964165310914e-15
2.087528092846410743e-04 6.437960288208478091e-15
2.155407483948397658e-04 5.848678193823635374e-15
2.225494084501682460e-04 5.313335006411088143e-15
2.297859665532529989e-04 4.826993506923459162e-15
2.372578331819549021e-04 4.385168397931985076e-15
2.449726597779449365e-04 3.983784937581666548e-15
2.529383465820386452e-04 3.619141359932654576e-15
2.611630507243053643e-04 3.287874735106376565e-15
2.696551945772443916e-04 2.986929954378035844e-15
2.784234743805755934e-04 2.713531554177901480e-15
2.874768691464797731e-04 2.465158119145447048e-15
2.968246498544083525e-04 2.239519028166144056e-15
3.064763889448771984e-04 2.034533328929094244e-15
3.164419701219662001e-04 1.848310546174150188e-15
3.267315984745617101e-04 1.679133246630802032e-15
3.373558109267118599e-04 1.525441199852273543e-15
3.483254870277882934e-04 1.385816988866788939e-15
3.596518600935085701e-04 1.258972937938817179e-15
3.713465287092282993e-04 1.143739236880371120e-15
3.834214686072818850e-04 1.039053152387737813e-15
3.958890449305326191e-04 9.439492269042181520e-16
4.087620248946919536e-04 8.575503746169557023e-16
4.220535908623789141e-04 7.790597924698468962e-16
4.357773538422972989e-04 7.077536115911775625e-16
4.499473674273683907e-04 6.429742213630133006e-16
4.645781421860766566e-04 5.841242045630461441e-16
4.796846605217813917e-04 5.306608276451195202e-16
4.952823920151981814e-04 4.820910353445917207e-16
5.113873092657660741e-04 4.379669034458104629e-16
5.280159042481276073e-04 3.978815077744205928e-16
5.451852052004597113e-04 3.614651713159483440e-16
5.629127940619633660e-04 3.283820548493342705e-16
5.812168244773545118e-04 2.983270596522626138e-16
6.001160403868075442e-04 2.710230137131778108e-16
6.196297952203767574e-04 2.462181154996013191e-16
6.397780717165550300e-04 2.236836117076640722e-16
6.605815023852689479e-04 2.032116875756898426e-16
6.820613906362610508e-04 1.846135503050676069e-16
7.042397325944939161e-04 1.677176879125924357e-16
7.271392396249160657e-04 1.523682874563883046e-16
7.507833615896653120e-04 1.384237980473557693e-16
7.751963108615103843e-04 1.257556253934075418e-16
8.004030871181299711e-04 1.142469458368034983e-16
8.264295029426218468e-04 1.037916289469455310e-16
8.533022102564534256e-04 9.429325873215338260e-17
8.810487276119211789e-04 8.566424444346652787e-17
9.096974683720665013e-04 7.782501276978368500e-17
9.392777698069166431e-04 7.070327397429111162e-17
9.698199231358291912e-04 6.423335520406719607e-17
1.001355204546713331e-03 5.835559482425403490e-17
1.033915907223895017e-03 5.301579219099399682e-17
1.067535374417422295e-03 4.816470778861938012e-17
1.102248033587666836e-03 4.375760912107175781e-17
1.138089431660194682e-03 3.975385816949854108e-17
1.175096271427013717e-03 3.611653661132239492e-17
1.213306449131458953e-03 3.281210534433981307e-17
1.252759093275213282e-03 2.981009517578392693e-17
1.293494604687205106e-03 2.708282582370848190e-17
1.335554697895412982e-03 2.460515063916398704e-17
1.378982443843937249e-03 2.235422469484855309e-17
1.423822313999086433e-03 2.030929410141521542e-17
1.470120225889650191e-03 1.845150460839094835e-17
1.517923590127990326e-03 1.676372772451751203e-17
1.567281358960092782e-03 1.523040275389836577e-17
1.618244076394302145e-03 1.383739329112022273e-17
1.670863929960087748e-03 1.257185685186678662e-17
1.725194804149818555e-03 1.142212643668667128e-17
1.781292335598283179e-03 1.037760293563053040e-17
1.839213970056470613e-03 9.428657381453739202e-18
1.899019021217948026e-03 8.566542149910298634e-18
1.960768731458064577e-03 7.783310288178928813e-18
2.024526334548190382e-03 7.071742227424286625e-18
2.090357120409226145e-03 6.425279203596988784e-18
2.158328501970664410e-03 5.837962772443959562e-18
2.228510084203682608e-03 5.304379860904267870e-18
2.300973735398968711e-03 4.819612848125504054e-18
2.375793660762261922e-03 4.379194215721975953e-18
2.453046478402964772e-03 3.979065349036029618e-18
2.532811297793645042e-03 3.615539109446642851e-18
2.615169800780802432e-03 3.285265832548109880e-18
2.700206325229803292e-03 2.985202438617320146e-18
2.788007951389678742e-03 2.712584370490921367e-18
2.878664591066217200e-03 2.464900100049893050e-18
2.972269079694673209e-03 2.239867968198128537e-18
3.068917271406356156e-03 2.035415144742431779e-18
3.168708137186460657e-03 1.849658514132164730e-18
3.271743866223690133e-03 1.680887310778101129e-18
3.378129970555399184e-03 1.527547343805772531e-18
3.487975393115444640e-03 1.388226665757060615e-18
3.601392619295408059e-03 1.261642553070683792e-18
3.718497792133409075e-03 1.146629678270241876e-18
3.839410831248459954e-03 1.042129364778965306e-18
3.964255555642164953e-03 9.471798252649026525e-19
4.093159810493529789e-03 8.609072934908703546e-19
4.226255598076718301e-03 7.825179678839164459e-19
4.363679212935791044e-03 7.112906925251182520e-19
4.505571381454871911e-03 6.465703080613798826e-19
4.652077405966703952e-03 5.877616112192531830e-19
4.803347313547091414e-03 5.343238672136887542e-19
4.959536009647642560e-03 4.857658244436278562e-19
5.120803436724144855e-03 4.416411854987022955e-19
5.287314738023011183e-03 4.015444927096321004e-19
5.459240426693481515e-03 3.651073902980332987e-19
5.636756560398786982e-03 3.319952286544935215e-19
5.820044921605119388e-03 3.019039794290494630e-19
6.009293203732953871e-03 2.745574329846586363e-19
6.204695203361384678e-03 2.497046523683134245e-19
6.406451018682321821e-03 2.271176603201549268e-19
6.614767254407754975e-03 2.065893379901319799e-19
6.829857233339889887e-03 1.879315159841850683e-19
7.051941214820813854e-03 1.709732401356746372e-19
7.281246620285486935e-03 1.555591960091404589e-19
7.518008266148882950e-03 1.415482776073818082e-19
7.762468604265852432e-03 1.288122870827168391e-19
8.014877970209950686e-03 1.172347534614430244e-19
8.275494839625469404e-03 1.067098594880958232e-19
8.544586092915135503e-03 9.714146669320495682e-20
8.822427288534559833e-03 8.844222969408290417e-20
9.109302945173369803e-03 8.053279156110005162e-20
9.405506833111856521e-03 7.334105282950344384e-20
9.711342275051560932e-03 6.680150741599250510e-20
1.002712245672789104e-02 6.085463931626403314e-20
1.035317074762283178e-02 5.544637452026045580e-20
1.068982103210610116e-02 5.052758309106566930e-20
1.103741805134389638e-02 4.605362681599228980e-20
1.139631775632547056e-02 4.198394825865735141e-20
1.176688767236877368e-02 3.828169742263544190e-20
1.214950727547878424e-02 3.491339258410644292e-20
1.254456838094355001e-02 3.184861216601234672e-20
1.295247554456625122e-02 2.905971481247455414e-20
1.337364647694385192e-02 2.652158508227171885e-20
1.380851247121670997e-02 2.421140241641103409e-20
1.425751884472728492e-02 2.210843124943936002e-20
1.472112539503989473e-02 2.019383032910906608e-20
1.519980687078895283e-02 1.845047948612878695e-20
1.569405345783733002e-02 1.686282225664046381e-20
1.620437128124323570e-02 1.541672290623737990e-20
1.673128292354909147e-02 1.409933653714089505e-20
1.727532795992366838e-02 1.289899108079358136e-20
1.783706351070509649e-02 1.180508008773363614e-20
1.841706481191068140e-02 1.080796532618764809e-20
1.901592580429797841e-02 9.898888291283038660e-21
1.963425974157988196e-02 9.069889808971642614e-21
2.027269981841711005e-02 8.313736993425715406e-21
2.093189981883059048e-02 7.623856884513665181e-21
2.161253478569835976e-02 6.994276153602924702e-21
2.231530171202189897e-02 6.419566321947188975e-21
2.304092025467047167e-02 5.894793986804489197e-21
2.379013347133379641e-02 5.415475596675603605e-21
2.456370858143792912e-02 4.977536359069860475e-21
2.536243775180382215e-02 4.577272902386696155e-21
2.618713890785247939e-02 4.211319348196149448e-21
2.703865657118818822e-02 3.876616481726314522e-21
2.791786272441672268e-02 3.570383737012097862e-21
2.882565770408489908e-02 3.290093739185901062e-21
2.976297112265530870e-02 3.033449170037751948e-21
3.073076282046049990e-02 2.798361744452968318e-21
3.173002384861182967e-02 2.582933104846781238e-21
3.276177748386878419e-02 2.385437458434973960e-21
3.382708027650884602e-02 2.204305798267911059e-21
3.492702313227015465e-02 2.038111563560647760e-21
3.606273242947573288e-02 1.885557608105958455e-21
3.723537117248251760e-02 1.745464357583103958e-21
3.844614018263664557e-02 1.616759047482550133e-21
3.969627932795500441e-02 1.498465943257464869e-21
4.098706879279131327e-02 1.389697453278802942e-21
4.231983038878804615e-02 1.289646053295978838e-21
4.369592890845555577e-02 1.197576948467582376e-21
4.511677352276560748e-02 1.112821405696166755e-21
4.658381922418931842e-02 1.034770695043518141e-21
4.809856831665849236e-02 9.628705844770850201e-22
4.966257195397500573e-02 8.966163371601059343e-22
5.127743172824413692e-02 8.355481649980002924e-22
5.294480130995884298e-02 7.792470962396512799e-22
5.466638814141332875e-02 7.273312186488710175e-22
5.644395518518155463e-02 6.794522631504939894e-22
5.827932272944954389e-02 6.352924959576705921e-22
6.017437025205186335e-02 5.945618900399575056e-22
6.213103834511943951e-02 5.569955494328545210e-22
6.415133070231129886e-02 5.223513623532028074e-22
6.623731617066379307e-02 4.904078614043094130e-22
6.839113086915908635e-02 4.609622713589539403e-22
7.061498037618293977e-02 4.338287271222060524e-22
7.291114198811038394e-02 4.088366465166082657e-22
7.528196705133397004e-02 3.858292445073804395e-22
7.772988337012065596e-02 3.646621773902636573e-22
8.025739769276522828e-02 3.452023072794662699e-22
8.286709827858432242e-02 3.273265789219730868e-22
8.556165754838028492e-02 3.109210023751454279e-22
8.834383482109028907e-02 2.958797363530137269e-22
9.121647913942057539e-02 2.821042680035651594e-22
9.418253218736233334e-02 2.695026854607276210e-22
9.724503130257390604e-02 2.579890396757307671e-22
1.004071125867168901e-01 2.474827917608447157e-22
1.036720141169290843e-01 2.379083414066079040e-22
1.070430792617235172e-01 2.291946309441825168e-22
1.105237601047105306e-01 2.212748184475622598e-22
1.141176209796462143e-01 2.140860120706634237e-22
1.178283421204303349e-01 2.075690567692721867e-22
1.216597234297882857e-01 2.016683638309685166e-22
1.256156883704996063e-01 1.963317733507355898e-22
1.297002879831543887e-01 1.915104400094141277e-22
1.339177050345553011e-01 1.871587332311090954e-22
1.382722583010105033e-01 1.832341439442053163e-22
1.427684069909049558e-01 1.796971916294390185e-22
1.474107553110799163e-01 1.765113269612901944e-22
1.522040571816939414e-01 1.736428269867801781e-22
1.571532211043975280e-01 1.710606813077878241e-22
1.622633151888019098e-01 1.687364690410166699e-22
1.675395723423943051e-01 1.666442273644743416e-22
1.729873956292092285e-01 1.647603131996676499e-22
1.786123638027480032e-01 1.630632600355130593e-22
1.844202370188089690e-01 1.615336321070601732e-22
1.904169627340790705e-01 1.601538781466821867e-22
1.966086817965302103e-01 1.589081867793407391e-22
2.030017347338516076e-01 1.577823453869834950e-22
2.096026682463641988e-01 1.567636039640362423e-22
2.164182419110591560e-01 1.558405451618685871e-22
2.234554351036328879e-01 1.550029614016396339e-22
2.307214541456006074e-01 1.542417396402409442e-22
2.382237396838104149e-01 1.535487541141154471e-22
2.459699743099163505e-01 1.529167671657858033e-22
2.539680904276077622e-01 1.523393380789973115e-22
2.622262783756581506e-01 1.518107397085808279e-22
2.707529948151045640e-01 1.513258825868310972e-22
2.795569713891534191e-01 1.508802461147746280e-22
2.886472236646747680e-01 1.504698163992887909e-22
2.980330603644439913e-01 1.500910302708405325e-22
3.077240928995875757e-01 1.497407250072297863e-22
3.177302452119876164e-01 1.494160932922459480e-22
3.280617639367333083e-01 1.491146429512296439e-22
3.387292288950157215e-01 1.488341610254002302e-22
3.497435639282217013e-01 1.485726817711982370e-22
3.611160480843106368e-01 1.483284581980132865e-22
3.728583271679398736e-01 1.480999367861312913e-22
3.849824256661573130e-01 1.478857350554951601e-22
3.975007590618781506e-01 1.476846216841579367e-22
4.104261465477575532e-01 1.474954989025768378e-22
4.237718241534702557e-01 1.473173869157819834e-22
4.375514582998515922e-01 1.471494101297298501e-22
4.517791597937665382e-01 1.469907849806955096e-22
4.664694982780521193e-01 1.468408091873265358e-22
4.816375171513162523e-01 1.466900754169723251e-22
4.972987489728845634e-01 1.465939568302420074e-22
5.134692313686602949e-01 1.464706379384554407e-22
5.301655234541887696e-01 1.463332773197446747e-22
5.474047227917496761e-01 1.462041726947234458e-22
5.652044828988294078e-01 1.461252739166343952e-22
5.835830313259185997e-01 1.459646180534291716e-22
6.025591883221299572e-01 1.459367955377525022e-22
6.221523861077670192e-01 1.458010317031648648e-22
6.423826887735677449e-01 1.457112340535920689e-22
6.632708128270029535e-01 1.456056691574867996e-22
6.848381484066783376e-01 1.455338590315169946e-22
7.071067811865474617e-01 1.454504799632196353e-22
7.300995149923873440e-01 1.453746545996740629e-22
7.538398951536737780e-01 1.452997777854885783e-22
7.783522326147925829e-01 1.452501537327790257e-22
8.036616288302584898e-01 1.451698843351723427e-22
8.297940014694431543e-01 1.451200156126975437e-22
8.567761109571417899e-01 1.450562914681206425e-22
8.846355878771383630e-01 1.450019777497451320e-22
9.134009612668549938e-01 1.449466675970314097e-22
9.431016878320352959e-01 1.449058064646692072e-22
9.737681821114043679e-01 1.448569453427605806e-22
1.005431847622167751e+00 1.448077773044177672e-22
1.038125109018272818e+00 1.447640662385152549e-22
1.071881445294330826e+00 1.447227696397051233e-22
1.106735424069241747e+00 1.446852402820345887e-22
1.142722736984579379e+00 1.446487041672304954e-22
1.179880236254036374e+00 1.446119412386589702e-22
1.218245972401321042e+00 1.445741781121167312e-22
1.257859233225177231e+00 1.445413042485691467e-22
1.298760584031392051e+00 1.445111309499835942e-22
1.340991909173034013e+00 1.444797267615922667e-22
1.384596454941442234e+00 1.444518668272708546e-22
1.429618873851860483e+00 1.444238851337570902e-22
1.476105270369119316e+00 1.443995907222127602e-22
1.524103248120146414e+00 1.443742984238558029e-22
1.573661958641686898e+00 1.443510348830727589e-22
1.624832151713105466e+00 1.443286786901359456e-22
1.677666227325868009e+00 1.443080863152942481e-22
1.732218289342898343e+00 1.442887014071443274e-22
1.788544200902727033e+00 1.442698082072046029e-22
1.846701641625227985e+00 1.442515971209058415e-22
1.906750166677474212e+00 1.442349187525543288e-22
1.968751267760239676e+00 1.442188180385210302e-22
2.032768436077536212e+00 1.442034072672755299e-22
2.098867227353748977e+00 1.441888034877195866e-22
2.167115328964885013e+00 1.441751079456566069e-22
2.237582629252731437e+00 1.441619548025487247e-22
2.310341289092830319e+00 1.441497737529657145e-22
2.385465815789647337e+00 1.441380805658072377e-22
2.463033139374558811e+00 1.441269832123860028e-22
2.543122691384753331e+00 1.441164783906648393e-22
2.625816486203805589e+00 1.441066445290903620e-22
2.711199205047139849e+00 1.440970592341659329e-22
2.799358282678454213e+00 1.440882630254300290e-22
2.890383996945813383e+00 1.440798477411622511e-22
2.984369561229204937e+00 1.440718672555733786e-22
3.081411219894179876e+00 1.440643605741111049e-22
3.181608346849272628e+00 1.440572314795144530e-22
3.285063547308231691e+00 1.440505242921452694e-22
3.391882762861185618e+00 1.440442215238005720e-22
3.502175379962405799e+00 1.440382585955924247e-22
3.616054341945656780e+00 1.440325881811934314e-22
3.733636264681973849e+00 1.440272916963375742e-22
3.855041555998244274e+00 1.440222832055613361e-22
3.980394538978807795e+00 1.440175914273907119e-22
4.109823579276491223e+00 1.440131231838829745e-22
4.243461216563316540e+00 1.440089944024925287e-22
4.381444300255601831e+00 1.440050271946086079e-22
4.523914129652293781e+00 1.440013552704244602e-22
4.671016598630216343e+00 1.439978422661693859e-22
4.822902345044269623e+00 1.439946258419962747e-22
4.979726904985675162e+00 1.439915669497739051e-22
5.141650872056085397e+00 1.439886676122959651e-22
5.308840061820840006e+00 1.439859995393719662e-22
5.481465681609687834e+00 1.439834499677660253e-22
5.659704505838766053e+00 1.439811433707936868e-22
5.843739057033563000e+00 1.439789717786491321e-22
6.033757792738073888e+00 1.439769223875325538e-22
6.229955298501687722e+00 1.439750267281366561e-22
6.432532487141236821e+00 1.439732954939327960e-22
6.641696804482476679e+00 1.439717155615647432e-22
6.857662441791610775e+00 1.439702228583526546e-22
7.080650555114233136e+00 1.439688233683420346e-22
7.310889491746582536e+00 1.439676115758056091e-22
7.548615024070792323e+00 1.439664865080386244e-22
7.794070590993766423e+00 1.439654851568376344e-22
8.047507547236683934e+00 1.439645639112152633e-22
8.309185420730690552e+00 1.439637408848007295e-22
8.579372178382254077e+00 1.439630452761628391e-22
8.858344500480137995e+00 1.439625049080956488e-22
9.146388064025362752e+00 1.439620031004117036e-22
9.443797835273972652e+00 1.439615771335855069e-22
9.750878371792454757e+00 1.439612504873691726e-22
1.006794413433475732e+01 1.439610880785756402e-22
1.039531980886069462e+01 1.439609671536094119e-22
1.073334063902531454e+01 1.439609323872269071e-22
1.108235276947949188e+01 1.439610266963558884e-22
1.144271360033373597e+01 1.439612087804060043e-22
1.181479215314782572e+01 1.439614426211778316e-22
1.219896944882134449e+01 1.439618322633082767e-22
1.259563889777169265e+01 1.439623289711880103e-22
1.300520670279960811e+01 1.439628774580377075e-22
1.342809227505451197e+01 1.439635858690395624e-22
1.386472866352542077e+01 1.439643762203935909e-22
1.431556299849771641e+01 1.439652530783063294e-22
1.478105694942948034e+01 1.439662348916949897e-22
1.526168719771659354e+01 1.439674064935666689e-22
1.575794592483028111e+01 1.439686641693077203e-22
1.627034131632753144e+01 1.439700426709523529e-22
1.679939808225007525e+01 1.439716051223700590e-22
1.734565799444515832e+01 1.439732775472884745e-22
1.790968044135788162e+01 1.439750480875443791e-22
1.849204300086377728e+01 1.439770766253216315e-22
1.909334203172802091e+01 1.439792140005337446e-22
1.971419328429655948e+01 1.439814846711651486e-22
2.035523253104523889e+01 1.439839902556020116e-22
2.101711621763202231e+01 1.439866637370162142e-22
2.170052213511950612e+01 1.439895605412632266e-22
2.240615011405541424e+01 1.439926858152795763e-22
2.313472274112263705e+01 1.439960150192512156e-22
2.388698609909234705e+01 1.439995753460642281e-22
2.466371053083744513e+01 1.440034675479389486e-22
2.546569142818967890e+01 1.440075444949774013e-22
2.629375004644738212e+01 1.440119475620241405e-22
2.714873434536865204e+01 1.440166709416002954e-22
2.803151985751019382e+01 1.440217093628186078e-22
2.894301058480215616e+01 1.440270814281744148e-22
2.988413992427655330e+01 1.440328862307996033e-22
3.085587162389674276e+01 1.440390558361984507e-22
3.185920076946783652e+01 1.440456049807990752e-22
3.289515480363779432e+01 1.440526721855586293e-22
3.396479457803334157e+01 1.440601331583072933e-22
3.506921543960718424e+01 1.440681864439149507e-22
3.620954835231024305e+01 1.440767381098439823e-22
3.738696105523644775e+01 1.440858387394110251e-22
3.860265925842701762e+01 1.440955966126825116e-22
3.985788787755745233e+01 1.441059633145457898e-22
4.115393230877307928e+01 1.441170573910177955e-22
4.249211974497804789e+01 1.441288756208568937e-22
4.387382053492478917e+01 1.441415530361217120e-22
4.530044958649739328e+01 1.441549955821968626e-22
4.677346781562444278e+01 1.441693174753317493e-22
4.829438364230627911e+01 1.441846670468483174e-22
4.986475453528701962e+01 1.442010070798725612e-22
5.148618860695498256e+01 1.442184054384242858e-22
5.316034626010393538e+01 1.442370217295078841e-22
5.488894188824058773e+01 1.442568134748215071e-22
5.667374563118133324e+01 1.442780014546951605e-22
5.851658518773449202e+01 1.443005350177461003e-22
6.041934768732559036e+01 1.443245816014839323e-22
6.238398162248038403e+01 1.443502505497616002e-22
6.441249884414678206e+01 1.443775516985510304e-22
6.650697662189803339e+01 1.444067676240085780e-22
6.866955977112552034e+01 1.444378443082992129e-22
7.090246284940212718e+01 1.444710039455481852e-22
7.320797242426301921e+01 1.445064458003963210e-22
7.558844941472801793e+01 1.445441186103264884e-22
7.804633150896086136e+01 1.445843919870429965e-22
8.058413566054392163e+01 1.446273243746243087e-22
8.320446066592349155e+01 1.446730288665625744e-22
8.590998982566344466e+01 1.447219594454003210e-22
8.870349369223542624e+01 1.447740178931870434e-22
9.158783290715714998e+01 1.448295437342585496e-22
9.456596113038578721e+01 1.448888634905545728e-22
9.764092806496356047e+01 1.449519619603686277e-22
1.008158825800164209e+02 1.450195317691000633e-22
1.040940759353020297e+02 1.450914776031327041e-22
1.074788651106074440e+02 1.451681503825312730e-22
1.109737162434097115e+02 1.452501426689743329e-22
1.145822081783162361e+02 1.453373685103726214e-22
1.183080361319224494e+02 1.454306842621054101e-22
1.221550154768360414e+02 1.455301257050270940e-22
1.261270856487471264e+02 1.456362121804730914e-22
1.302283141805418722e+02 1.457495849397056361e-22
1.344629008675935040e+02 1.458703064747653250e-22
1.388351820684917755e+02 1.459994769409067117e-22
1.433496351456201410e+02 1.461371795830458825e-22
1.480108830501257557e+02 1.462839842657931804e-22
1.528236990559745720e+02 1.464411847420217371e-22
1.577930116479447236e+02 1.466086238856547717e-22
1.629239095685596226e+02 1.467875653649436689e-22
1.682216470291318728e+02 1.469787306594331415e-22
1.736916490902496548e+02 1.471824510941005613e-22
1.793395172172215837e+02 1.474007533746705660e-22
1.851710350161656606e+02 1.476334874175342337e-22
1.911921741566137030e+02 1.478822024563834839e-22
1.974091004867022434e+02 1.481482753373484976e-22
2.038281803472067679e+02 1.484319829777508179e-22
2.104559870908896073e+02 1.487359547682906212e-22
2.172993078138307226e+02 1.490606347172881245e-22
2.243651503056427714e+02 1.494074325442534764e-22
2.316607502256836142e+02 1.497791573161097540e-22
2.391935785126111398e+02 1.501759465670657366e-22
2.469713490348765959e+02 1.506011822840369065e-22
2.550020264899830806e+02 1.510561166974381152e-22
2.632938345606047505e+02 1.515423333652992537e-22
2.718552643359100784e+02 1.520644597939137817e-22
2.806950830067237916e+02 1.526225692566085590e-22
2.898223428434225184e+02 1.532209929701287611e-22
2.992463904657655007e+02 1.538627216587606703e-22
3.089768764141425095e+02 1.545494336253465984e-22
3.190237650320520970e+02 1.552881152722118599e-22
3.293973446699252463e+02 1.560794809452124317e-22
3.401082382207367232e+02 1.569290363088855167e-22
3.511674139982060865e+02 1.578424220767072554e-22
3.625861969687165356e+02 1.588223158580985900e-22
3.743762803484630126e+02 1.598778054428738382e-22
3.865497375776926674e+02 1.610123986875697724e-22
3.991190346843142720e+02 1.622330750934046377e-22
4.120970430495306118e+02 1.635497920054031182e-22
4.254970525885592565e+02 1.649671702082875601e-22
4.393327853599540731e+02 1.664978149001594463e-22
4.536184096174507658e+02 1.681499808750329630e-22
4.683685543187372673e+02 1.699338014306246184e-22
4.835983241059905140e+02 1.718660013474082074e-22
4.993233147735388684e+02 1.739557971624871312e-22
5.155596292384806247e+02 1.762217187140309502e-22
5.323238940306048335e+02 1.786808309420581321e-22
5.496332763185181420e+02 1.813508515560857051e-22
5.675055014893986254e+02 1.842576144075727853e-22
5.859588713003904559e+02 1.874230796891080420e-22
6.050122826202091346e+02 1.908768651728697134e-22
6.246852467801712692e+02 1.946511867348732704e-22
6.449979095544554184e+02 1.987840063650731834e-22
6.659710717900418331e+02 2.033143604028363237e-22
6.876262107074815049e+02 2.082942246458946415e-22
7.099855018942865854e+02 2.137799188280150434e-22
7.330718420134803637e+02 2.198283706774860678e-22
7.569088722505387068e+02 2.265291710909587752e-22
7.815210025227594315e+02 2.339502553387676026e-22
8.069334364758404945e+02 2.422055307950284871e-22
8.331721972932479048e+02 2.514262545064118530e-22
8.602641543448327184e+02 2.616993438575568867e-22
8.882370507019631987e+02 2.732541678105261986e-22
9.171195315473655683e+02 2.862218258540984974e-22
9.469411735087400075e+02 3.008262141821529963e-22
9.777325149462251375e+02 3.174117769308711750e-22
1.009525087224697813e+03 3.359906648971275853e-22
1.042351447002954728e+03 3.571254770068945975e-22
1.076245209572809244e+03 3.809592751403107339e-22
1.111241083282282261e+03 4.075831794323455157e-22
1.147374905078119355e+03 4.374861030695628243e-22
1.184683677204011474e+03 4.696078021345894141e-22
1.223205605092140786e+03 5.038648091456262088e-22
1.262980136486817401e+03 5.385670992674848720e-22
1.304048001840301595e+03 5.702091373739225769e-22
1.346451256022135340e+03 5.968233571249831927e-22
1.390233321384744841e+03 6.130738370203060906e-22
1.435439032229391614e+03 6.176535367519663623e-22
1.482114680717983447e+03 6.107013683244657004e-22
1.530308064277807716e+03 5.929722720105440990e-22
1.580068534547692934e+03 5.696236520552152183e-22
1.631447047915752592e+03 5.433841664723628866e-22
1.684496217700413581e+03 5.173211059766326638e-22
1.739270368028225448e+03 4.933286997183307503e-22
1.795825589463597225e+03 4.725840508749903377e-22
1.854219796447391900e+03 4.554390714448006669e-22
1.914512786603267614e+03 4.423249857064298046e-22
1.976766301972440033e+03 4.334605248793654686e-22
2.041044092239616248e+03 4.285328720664246329e-22
2.107411980014782330e+03 4.285005231595814477e-22
2.175937928237776759e+03 4.329795534334743498e-22
2.246692109774609889e+03 4.426023528352395353e-22
2.319746979276844741e+03 4.583698763412367668e-22
2.395177347377560636e+03 4.806039716242106676e-22
2.473060457299960945e+03 5.108149743103245569e-22
2.553476063957034057e+03 5.498635174138050314e-22
2.636506515623228552e+03 5.986283581224240803e-22
2.722236838261860612e+03 6.553383746498168530e-22
2.810754822594539746e+03 7.172850789782162661e-22
2.902151114001830592e+03 7.727902274134444551e-22
2.996519305347123009e+03 8.088118078967742466e-22
3.093956032818875883e+03 8.180548585452709575e-22
3.194561074889331394e+03 7.982983345950331800e-22
3.298437454490971959e+03 7.670768725783486165e-22
3.405691544515481382e+03 7.364946198966935372e-22
3.516433176743133117e+03 7.161749684237140781e-22
3.630775754314240203e+03 7.101656269225991415e-22
3.748836367857728419e+03 7.254911536283566446e-22
3.870735915395880056e+03 7.632595132059136461e-22
3.996599226147982790e+03 8.294696177389338734e-22
4.126555188359584463e+03 9.292784584859616860e-22
4.260736881288404220e+03 1.060765981142026123e-21
4.399281711481931779e+03 1.186525254646507046e-21
4.542331553486372286e+03 1.245992323065056344e-21
4.690032895130875659e+03 1.208220691613126273e-21
4.842536987536009292e+03 1.118189891954192745e-21
4.999999999999999091e+03 1.045231759423147532e-21
