4.432941853892989441e-03
4.471147082019897787e-03
4.509352310146807000e-03
4.547557538273715345e-03
4.585762766400623691e-03
4.623967994527532904e-03
4.662173222654441250e-03
4.700378450781350463e-03
4.738583678908258809e-03
4.776788907035167155e-03
4.814994135162076368e-03
4.853199363288984713e-03
4.891404591415893927e-03
4.929609819542802272e-03
4.967815047669710618e-03
5.006020275796619831e-03
5.044225503923528177e-03
5.082430732050436523e-03
5.120635960177345736e-03
5.158841188304254081e-03
5.197046416431162427e-03
5.235251644558071640e-03
5.273456872684979986e-03
5.311662100811889199e-03
5.349867328938797545e-03
5.388072557065705891e-03
5.426277785192615104e-03
5.464483013319523450e-03
5.502688241446432663e-03
5.540893469573341008e-03
5.579098697700249354e-03
5.617303925827158567e-03
5.655509153954066913e-03
5.693714382080975259e-03
5.731919610207884472e-03
5.770124838334792818e-03
5.808330066461701163e-03
5.846535294588610376e-03
5.884740522715518722e-03
5.922945750842427068e-03
5.961150978969336281e-03
5.999356207096245494e-03
6.037561435223153840e-03
6.075766663350062186e-03
6.113971891476971399e-03
6.152177119603879744e-03
6.190382347730788090e-03
6.228587575857697303e-03
6.266792803984605649e-03
6.304998032111513995e-03
6.343203260238423208e-03
6.381408488365331554e-03
6.419613716492239899e-03
6.457818944619149112e-03
6.496024172746057458e-03
6.534229400872965804e-03
6.572434628999875017e-03
6.610639857126784230e-03
6.648845085253692576e-03
6.687050313380600922e-03
6.725255541507510135e-03
6.763460769634418480e-03
6.801665997761326826e-03
6.839871225888236039e-03
6.878076454015144385e-03
6.916281682142052731e-03
6.954486910268961944e-03
6.992692138395870290e-03
7.030897366522778635e-03
7.069102594649687848e-03
7.107307822776596194e-03
7.145513050903504540e-03
7.183718279030413753e-03
7.221923507157322966e-03
7.260128735284231312e-03
7.298333963411139658e-03
7.336539191538048871e-03
7.374744419664957217e-03
7.412949647791865562e-03
7.451154875918774775e-03
7.489360104045683121e-03
7.527565332172591467e-03
7.565770560299500680e-03
7.603975788426409026e-03
7.642181016553317371e-03
7.680386244680226585e-03
7.718591472807134930e-03
7.756796700934043276e-03
7.795001929060952489e-03
7.833207157187861702e-03
7.871412385314770915e-03
7.909617613441678394e-03
7.947822841568587607e-03
7.986028069695495085e-03
8.024233297822404298e-03
8.062438525949313511e-03
8.100643754076222725e-03
8.138848982203130203e-03
8.177054210330039416e-03
8.215259438456946894e-03
8.253464666583856107e-03
8.291669894710765321e-03
8.329875122837674534e-03
8.368080350964583747e-03
8.406285579091491225e-03
8.444490807218398704e-03
8.482696035345307917e-03
8.520901263472217130e-03
8.559106491599126343e-03
8.597311719726035556e-03
8.635516947852943034e-03
8.673722175979852247e-03
8.711927404106759726e-03
8.750132632233668939e-03
8.788337860360578152e-03
8.826543088487487365e-03
8.864748316614396578e-03
8.902953544741304057e-03
8.941158772868211535e-03
8.979364000995120748e-03
9.017569229122029961e-03
9.055774457248939174e-03
9.093979685375848387e-03
9.132184913502755866e-03
9.170390141629663344e-03
9.208595369756572557e-03
9.246800597883481770e-03
9.285005826010390984e-03
9.323211054137300197e-03
9.361416282264207675e-03
9.399621510391116888e-03
9.437826738518024366e-03
9.476031966644933580e-03
9.514237194771842793e-03
9.552442422898752006e-03
9.590647651025661219e-03
9.628852879152568697e-03
9.667058107279476176e-03
9.705263335406385389e-03
9.743468563533294602e-03
9.781673791660203815e-03
9.819879019787113028e-03
9.858084247914020506e-03
9.896289476040929720e-03
9.934494704167837198e-03
9.972699932294746411e-03
1.001090516042165562e-02
1.004911038854856484e-02
1.008731561667547405e-02
1.012552084480238153e-02
1.016372607292928901e-02
1.020193130105619822e-02
1.024013652918310743e-02
1.027834175731001665e-02
1.031654698543692586e-02
1.035475221356383334e-02
1.039295744169074082e-02
1.043116266981765003e-02
1.046936789794455924e-02
1.050757312607146846e-02
1.054577835419837767e-02
1.058398358232528515e-02
1.062218881045219436e-02
1.066039403857910184e-02
1.069859926670601105e-02
1.073680449483292026e-02
1.077500972295982948e-02
1.081321495108673869e-02
1.085142017921364617e-02
1.088962540734055365e-02
1.092783063546746286e-02
1.096603586359437207e-02
1.100424109172128129e-02
1.104244631984819050e-02
1.108065154797509798e-02
1.111885677610200719e-02
1.115706200422891467e-02
1.119526723235582388e-02
1.123347246048273310e-02
1.127167768860964231e-02
1.130988291673655152e-02
1.134808814486345900e-02
1.138629337299036648e-02
1.142449860111727569e-02
1.146270382924418491e-02
1.150090905737109412e-02
1.153911428549800333e-02
1.157731951362491081e-02
1.161552474175181829e-02
1.165372996987872750e-02
1.169193519800563671e-02
1.173014042613254593e-02
1.176834565425945514e-02
1.180655088238636262e-02
1.184475611051327183e-02
1.188296133864017931e-02
1.192116656676708852e-02
1.195937179489399774e-02
1.199757702302090695e-02
1.203578225114781616e-02
1.207398747927472364e-02
1.211219270740163112e-02
1.215039793552854033e-02
1.218860316365544955e-02
1.222680839178235876e-02
1.226501361990926797e-02
1.230321884803617719e-02
1.234142407616308293e-02
1.237962930428999214e-02
1.241783453241690136e-02
1.245603976054381057e-02
1.249424498867071978e-02
1.253245021679762899e-02
1.257065544492453474e-02
1.260886067305144395e-02
1.264706590117835316e-02
1.268527112930526238e-02
1.272347635743217159e-02
1.276168158555908080e-02
1.279988681368599002e-02
1.283809204181289576e-02
1.287629726993980497e-02
1.291450249806671419e-02
1.295270772619362340e-02
1.299091295432053261e-02
1.302911818244744183e-02
1.306732341057434757e-02
1.310552863870125678e-02
1.314373386682816600e-02
1.318193909495507521e-02
1.322014432308198442e-02
1.325834955120889364e-02
1.329655477933580285e-02
1.333476000746270859e-02
1.337296523558961781e-02
1.341117046371652702e-02
1.344937569184343623e-02
1.348758091997034544e-02
1.352578614809725466e-02
1.356399137622416040e-02
1.360219660435106961e-02
1.364040183247797883e-02
1.367860706060488804e-02
1.371681228873179725e-02
1.375501751685870647e-02
1.379322274498561221e-02
1.383142797311252142e-02
1.386963320123943064e-02
1.390783842936633985e-02
1.394604365749324906e-02
1.398424888562015828e-02
1.402245411374706749e-02
1.406065934187397323e-02
1.409886457000088245e-02
1.413706979812779166e-02
1.417527502625470087e-02
1.421348025438161009e-02
1.425168548250851930e-02
1.428989071063542504e-02
1.432809593876233425e-02
1.436630116688924347e-02
1.440450639501615268e-02
1.444271162314306189e-02
1.448091685126997111e-02
1.451912207939688032e-02
1.455732730752378606e-02
1.459553253565069528e-02
1.463373776377760449e-02
1.467194299190451370e-02
1.471014822003142292e-02
1.474835344815833213e-02
1.478655867628523787e-02
1.482476390441214709e-02
1.486296913253905630e-02
1.490117436066596551e-02
1.493937958879287473e-02
1.497758481691978394e-02
1.501579004504668968e-02
1.505399527317359890e-02
1.509220050130050811e-02
1.513040572942741732e-02
1.516861095755432653e-02
1.520681618568123575e-02
1.524502141380814496e-02
1.528322664193505070e-02
1.532143187006195992e-02
1.535963709818886913e-02
1.539784232631577834e-02
1.543604755444268756e-02
1.547425278256959677e-02
1.551245801069650251e-02
1.555066323882341173e-02
1.558886846695032094e-02
1.562707369507723015e-02
1.566527892320413937e-02
1.570348415133104858e-02
1.574168937945795779e-02
1.577989460758486354e-02
1.581809983571177275e-02
1.585630506383868196e-02
1.589451029196559118e-02
1.593271552009250039e-02
1.597092074821940960e-02
1.600912597634631535e-02
1.604733120447322456e-02
1.608553643260013377e-02
1.612374166072704298e-02
1.616194688885395220e-02
1.620015211698086141e-02
1.623835734510776715e-02
1.627656257323467637e-02
1.631476780136158558e-02
1.635297302948849479e-02
1.639117825761540401e-02
1.642938348574231322e-02
1.646758871386922243e-02
1.650579394199612818e-02
1.654399917012303739e-02
1.658220439824994660e-02
1.662040962637685582e-02
1.665861485450376503e-02
1.669682008263067424e-02
1.673502531075757999e-02
1.677323053888448920e-02
1.681143576701139841e-02
1.684964099513830763e-02
1.688784622326521684e-02
1.692605145139212605e-02
1.696425667951903526e-02
1.700246190764594101e-02
1.704066713577285022e-02
1.707887236389975943e-02
1.711707759202666865e-02
1.715528282015357786e-02
1.719348804828048707e-02
1.723169327640739282e-02
1.726989850453430203e-02
1.730810373266121124e-02
1.734630896078812046e-02
1.738451418891502967e-02
1.742271941704193888e-02
1.746092464516884463e-02
1.749912987329575384e-02
1.753733510142266305e-02
1.757554032954957227e-02
1.761374555767648148e-02
1.765195078580339069e-02
1.769015601393029991e-02
1.772836124205720565e-02
1.776656647018411486e-02
1.780477169831102408e-02
1.784297692643793329e-02
1.788118215456484250e-02
1.791938738269175171e-02
1.795759261081865746e-02
1.799579783894556667e-02
1.803400306707247588e-02
1.807220829519938510e-02
1.811041352332629431e-02
1.814861875145320352e-02
1.818682397958011274e-02
1.822502920770701848e-02
1.826323443583392769e-02
1.830143966396083691e-02
1.833964489208774612e-02
1.837785012021465533e-02
1.841605534834156455e-02
1.845426057646847029e-02
1.849246580459537950e-02
1.853067103272228872e-02
1.856887626084919793e-02
1.860708148897610714e-02
1.864528671710301636e-02
1.868349194522992210e-02
1.872169717335683131e-02
1.875990240148374052e-02
1.879810762961064974e-02
1.883631285773755895e-02
1.887451808586446816e-02
1.891272331399137738e-02
1.895092854211828312e-02
1.898913377024519233e-02
1.902733899837210155e-02
1.906554422649901076e-02
1.910374945462591997e-02
1.914195468275282919e-02
1.918015991087973493e-02
1.921836513900664414e-02
1.925657036713355336e-02
1.929477559526046257e-02
1.933298082338737178e-02
1.937118605151428100e-02
1.940939127964119021e-02
1.944759650776809595e-02
1.948580173589500517e-02
1.952400696402191438e-02
1.956221219214882359e-02
1.960041742027573280e-02
1.963862264840264202e-02
1.967682787652954776e-02
1.971503310465645697e-02
1.975323833278336619e-02
1.979144356091027540e-02
1.982964878903718461e-02
1.986785401716409383e-02
1.990605924529099957e-02
1.994426447341790878e-02
1.998246970154481800e-02
2.002067492967172721e-02
2.005888015779863642e-02
2.009708538592554564e-02
2.013529061405245485e-02
2.017349584217936406e-02
2.021170107030626981e-02
2.024990629843317902e-02
2.028811152656008823e-02
2.032631675468699745e-02
2.036452198281390666e-02
2.040272721094081587e-02
2.044093243906772508e-02
2.047913766719463083e-02
2.051734289532154004e-02
2.055554812344844925e-02
2.059375335157535847e-02
2.063195857970226768e-02
2.067016380782917689e-02
2.070836903595608264e-02
2.074657426408299185e-02
2.078477949220990106e-02
2.082298472033681028e-02
2.086118994846371949e-02
2.089939517659062870e-02
2.093760040471753445e-02
2.097580563284444366e-02
2.101401086097135287e-02
2.105221608909826209e-02
2.109042131722517130e-02
2.112862654535208051e-02
2.116683177347898973e-02
2.120503700160589547e-02
2.124324222973280468e-02
2.128144745785971390e-02
2.131965268598662311e-02
2.135785791411353232e-02
2.139606314224044153e-02
2.143426837036734728e-02
2.147247359849425649e-02
2.151067882662116570e-02
2.154888405474807492e-02
2.158708928287498413e-02
2.162529451100189334e-02
2.166349973912880256e-02
2.170170496725570830e-02
2.173991019538261751e-02
2.177811542350952673e-02
2.181632065163643594e-02
2.185452587976334515e-02
2.189273110789025437e-02
2.193093633601716011e-02
2.196914156414406932e-02
2.200734679227097854e-02
2.204555202039788775e-02
2.208375724852479696e-02
2.212196247665170618e-02
2.216016770477861539e-02
2.219837293290552113e-02
2.223657816103243035e-02
2.227478338915933956e-02
2.231298861728624877e-02
2.235119384541315798e-02
2.238939907354006720e-02
2.242760430166697294e-02
2.246580952979388215e-02
2.250401475792079137e-02
2.254221998604770058e-02
2.258042521417460979e-02
2.261863044230151901e-02
2.265683567042842475e-02
2.269504089855533396e-02
2.273324612668224318e-02
2.277145135480915239e-02
2.280965658293606160e-02
2.284786181106297082e-02
2.288606703918988003e-02
2.292427226731678577e-02
2.296247749544369499e-02
2.300068272357060420e-02
2.303888795169751341e-02
2.307709317982442263e-02
2.311529840795133184e-02
2.315350363607823758e-02
2.319170886420514680e-02
2.322991409233205601e-02
2.326811932045896522e-02
2.330632454858587443e-02
2.334452977671278365e-02
2.338273500483968939e-02
2.342094023296659860e-02
2.345914546109350782e-02
2.349735068922041703e-02
2.353555591734732624e-02
2.357376114547423546e-02
2.361196637360114467e-02
2.365017160172805041e-02
2.368837682985495963e-02
2.372658205798186884e-02
2.376478728610877805e-02
2.380299251423568727e-02
2.384119774236259648e-02
2.387940297048950222e-02
2.391760819861641144e-02
2.395581342674332065e-02
2.399401865487022986e-02
2.403222388299713908e-02
2.407042911112404829e-02
2.410863433925095750e-02
2.414683956737786324e-02
2.418504479550477246e-02
2.422325002363168167e-02
2.426145525175859088e-02
2.429966047988550010e-02
2.433786570801240931e-02
2.437607093613931505e-02
2.441427616426622427e-02
2.445248139239313348e-02
2.449068662052004269e-02
2.452889184864695191e-02
2.456709707677386112e-02
2.460530230490077033e-02
2.464350753302767608e-02
2.468171276115458529e-02
2.471991798928149450e-02
2.475812321740840372e-02
2.479632844553531293e-02
2.483453367366222214e-02
2.487273890178912789e-02
2.491094412991603710e-02
2.494914935804294631e-02
2.498735458616985552e-02
2.502555981429676474e-02
2.506376504242367395e-02
2.510197027055057969e-02
2.514017549867748891e-02
2.517838072680439812e-02
2.521658595493130733e-02
2.525479118305821655e-02
2.529299641118512576e-02
2.533120163931203497e-02
2.536940686743894072e-02
2.540761209556584993e-02
2.544581732369275914e-02
2.548402255181966836e-02
2.552222777994657757e-02
2.556043300807348678e-02
2.559863823620039253e-02
2.563684346432730174e-02
2.567504869245421095e-02
2.571325392058112017e-02
2.575145914870802938e-02
2.578966437683493859e-02
2.582786960496184434e-02
2.586607483308875355e-02
2.590428006121566276e-02
2.594248528934257197e-02
2.598069051746948119e-02
2.601889574559639040e-02
2.605710097372329961e-02
2.609530620185020536e-02
2.613351142997711457e-02
2.617171665810402378e-02
2.620992188623093300e-02
2.624812711435784221e-02
2.628633234248475142e-02
2.632453757061165717e-02
2.636274279873856638e-02
2.640094802686547559e-02
2.643915325499238481e-02
2.647735848311929402e-02
2.651556371124620323e-02
2.655376893937311245e-02
2.659197416750001819e-02
2.663017939562692740e-02
2.666838462375383662e-02
2.670658985188074583e-02
2.674479508000765504e-02
2.678300030813456425e-02
2.682120553626147000e-02
2.685941076438837921e-02
2.689761599251528842e-02
2.693582122064219764e-02
2.697402644876910685e-02
2.701223167689601606e-02
2.705043690502292528e-02
2.708864213314983102e-02
2.712684736127674023e-02
2.716505258940364945e-02
2.720325781753055866e-02
2.724146304565746787e-02
2.727966827378437709e-02
2.731787350191128283e-02
2.735607873003819204e-02
2.739428395816510126e-02
2.743248918629201047e-02
2.747069441441891968e-02
2.750889964254582890e-02
2.754710487067273464e-02
2.758531009879964385e-02
2.762351532692655307e-02
2.766172055505346228e-02
2.769992578318037149e-02
2.773813101130728070e-02
2.777633623943418992e-02
2.781454146756109566e-02
2.785274669568800487e-02
2.789095192381491409e-02
2.792915715194182330e-02
2.796736238006873251e-02
2.800556760819564173e-02
2.804377283632254747e-02
2.808197806444945668e-02
2.812018329257636590e-02
2.815838852070327511e-02
2.819659374883018432e-02
2.823479897695709354e-02
2.827300420508399928e-02
2.831120943321090849e-02
2.834941466133781771e-02
2.838761988946472692e-02
2.842582511759163613e-02
2.846403034571854535e-02
2.850223557384545456e-02
2.854044080197236030e-02
2.857864603009926951e-02
2.861685125822617873e-02
2.865505648635308794e-02
2.869326171447999715e-02
2.873146694260690637e-02
2.876967217073381211e-02
2.880787739886072132e-02
2.884608262698763054e-02
2.888428785511453975e-02
2.892249308324144896e-02
2.896069831136835818e-02
2.899890353949526739e-02
2.903710876762217313e-02
2.907531399574908235e-02
2.911351922387599156e-02
2.915172445200290077e-02
2.918992968012980999e-02
2.922813490825671920e-02
2.926634013638362494e-02
2.930454536451053416e-02
2.934275059263744337e-02
2.938095582076435258e-02
2.941916104889126179e-02
2.945736627701817101e-02
2.949557150514508022e-02
2.953377673327198596e-02
2.957198196139889518e-02
2.961018718952580439e-02
2.964839241765271360e-02
2.968659764577962282e-02
2.972480287390653203e-02
2.976300810203343777e-02
2.980121333016034699e-02
2.983941855828725620e-02
2.987762378641416541e-02
2.991582901454107463e-02
2.995403424266798384e-02
2.999223947079488958e-02
3.003044469892179880e-02
3.006864992704870801e-02
3.010685515517561722e-02
3.014506038330252644e-02
3.018326561142943565e-02
3.022147083955634486e-02
3.025967606768325061e-02
3.029788129581015982e-02
3.033608652393706903e-02
3.037429175206397824e-02
3.041249698019088746e-02
3.045070220831779667e-02
3.048890743644470241e-02
3.052711266457161163e-02
3.056531789269852084e-02
3.060352312082543005e-02
3.064172834895233927e-02
3.067993357707924848e-02
3.071813880520615422e-02
3.075634403333306344e-02
3.079454926145997265e-02
3.083275448958688186e-02
3.087095971771379108e-02
3.090916494584070029e-02
3.094737017396760950e-02
3.098557540209451525e-02
3.102378063022142446e-02
3.106198585834833367e-02
3.110019108647524289e-02
3.113839631460215210e-02
3.117660154272906131e-02
3.121480677085596706e-02
3.125301199898287280e-02
3.129121722710978548e-02
3.132942245523669123e-02
3.136762768336360391e-02
3.140583291149050965e-02
3.144403813961742233e-02
3.148224336774432808e-02
3.152044859587123382e-02
3.155865382399814650e-02
3.159685905212505225e-02
3.163506428025196493e-02
3.167326950837887067e-02
3.171147473650577642e-02
3.174967996463268910e-02
3.178788519275959484e-02
3.182609042088650753e-02
3.186429564901341327e-02
3.190250087714032595e-02
3.194070610526723170e-02
3.197891133339413744e-02
3.201711656152105012e-02
3.205532178964795587e-02
3.209352701777486855e-02
3.213173224590177429e-02
3.216993747402868697e-02
3.220814270215559272e-02
3.224634793028249846e-02
3.228455315840941114e-02
3.232275838653631689e-02
3.236096361466322957e-02
3.239916884279013531e-02
3.243737407091704106e-02
3.247557929904395374e-02
3.251378452717085948e-02
3.255198975529777217e-02
3.259019498342467791e-02
3.262840021155159059e-02
3.266660543967849634e-02
3.270481066780540208e-02
3.274301589593231476e-02
3.278122112405922051e-02
3.281942635218613319e-02
3.285763158031303893e-02
3.289583680843995162e-02
3.293404203656685736e-02
3.297224726469376310e-02
3.301045249282067579e-02
3.304865772094758153e-02
3.308686294907449421e-02
3.312506817720139995e-02
3.316327340532830570e-02
3.320147863345521838e-02
3.323968386158212412e-02
3.327788908970903681e-02
3.331609431783594255e-02
3.335429954596285523e-02
3.339250477408976098e-02
3.343071000221666672e-02
3.346891523034357940e-02
3.350712045847048515e-02
3.354532568659739783e-02
3.358353091472430357e-02
3.362173614285121626e-02
3.365994137097812200e-02
3.369814659910502774e-02
3.373635182723194043e-02
3.377455705535884617e-02
3.381276228348575885e-02
3.385096751161266460e-02
3.388917273973957728e-02
3.392737796786648302e-02
3.396558319599338877e-02
3.400378842412030145e-02
3.404199365224720719e-02
3.408019888037411987e-02
3.411840410850102562e-02
3.415660933662793136e-02
3.419481456475484404e-02
3.423301979288174979e-02
3.427122502100866247e-02
3.430943024913556821e-02
3.434763547726248090e-02
3.438584070538938664e-02
3.442404593351629238e-02
3.446225116164320507e-02
3.450045638977011081e-02
3.453866161789702349e-02
3.457686684602392924e-02
3.461507207415084192e-02
3.465327730227774766e-02
3.469148253040465341e-02
3.472968775853156609e-02
3.476789298665847183e-02
3.480609821478538451e-02
3.484430344291229026e-02
3.488250867103919600e-02
3.492071389916610868e-02
3.495891912729301443e-02
3.499712435541992711e-02
3.503532958354683285e-02
3.507353481167374554e-02
3.511174003980065128e-02
3.514994526792755702e-02
3.518815049605446971e-02
3.522635572418137545e-02
3.526456095230828813e-02
3.530276618043519388e-02
3.534097140856210656e-02
3.537917663668901230e-02
3.541738186481591805e-02
3.545558709294283073e-02
3.549379232106973647e-02
3.553199754919664916e-02
3.557020277732355490e-02
3.560840800545046064e-02
3.564661323357737333e-02
3.568481846170427907e-02
3.572302368983119175e-02
3.576122891795809750e-02
3.579943414608500324e-02
3.583763937421191592e-02
3.587584460233882167e-02
3.591404983046573435e-02
3.595225505859264009e-02
3.599046028671954583e-02
3.602866551484645852e-02
3.606687074297336426e-02
3.610507597110027694e-02
3.614328119922718269e-02
3.618148642735409537e-02
3.621969165548100111e-02
3.625789688360790686e-02
3.629610211173481954e-02
3.633430733986172528e-02
3.637251256798863797e-02
3.641071779611554371e-02
3.644892302424245639e-02
3.648712825236936214e-02
3.652533348049626788e-02
3.656353870862318056e-02
3.660174393675008631e-02
3.663994916487699899e-02
3.667815439300390473e-02
3.671635962113081048e-02
3.675456484925772316e-02
3.679277007738462890e-02
3.683097530551154158e-02
3.686918053363844733e-02
3.690738576176536001e-02
3.694559098989226575e-02
3.698379621801917150e-02
3.702200144614608418e-02
3.706020667427298992e-02
3.709841190239990261e-02
3.713661713052680835e-02
3.717482235865372103e-02
3.721302758678062678e-02
3.725123281490753252e-02
3.728943804303444520e-02
3.732764327116135095e-02
3.736584849928826363e-02
3.740405372741516937e-02
3.744225895554207512e-02
3.748046418366898780e-02
3.751866941179589354e-02
3.755687463992280622e-02
3.759507986804971197e-02
3.763328509617662465e-02
3.767149032430353039e-02
3.770969555243043614e-02
3.774790078055734882e-02
3.778610600868425456e-02
3.782431123681116725e-02
3.786251646493807299e-02
3.790072169306498567e-02
3.793892692119189142e-02
3.797713214931879716e-02
3.801533737744570984e-02
3.805354260557261559e-02
3.809174783369952827e-02
3.812995306182643401e-02
3.816815828995334670e-02
3.820636351808025244e-02
3.824456874620715818e-02
3.828277397433407087e-02
3.832097920246097661e-02
3.835918443058788929e-02
3.839738965871479504e-02
3.843559488684170078e-02
3.847380011496861346e-02
3.851200534309551921e-02
3.855021057122243189e-02
3.858841579934933763e-02
3.862662102747625031e-02
3.866482625560315606e-02
3.870303148373006180e-02
3.874123671185697448e-02
3.877944193998388023e-02
3.881764716811079291e-02
3.885585239623769865e-02
3.889405762436461134e-02
3.893226285249151708e-02
3.897046808061842282e-02
3.900867330874533551e-02
3.904687853687224125e-02
3.908508376499915393e-02
3.912328899312605968e-02
3.916149422125296542e-02
3.919969944937987810e-02
3.923790467750678385e-02
3.927610990563369653e-02
3.931431513376060227e-02
3.935252036188751495e-02
3.939072559001442070e-02
3.942893081814132644e-02
3.946713604626823912e-02
3.950534127439514487e-02
3.954354650252205755e-02
3.958175173064896329e-02
3.961995695877587598e-02
3.965816218690278172e-02
3.969636741502968746e-02
3.973457264315660015e-02
3.977277787128350589e-02
3.981098309941041857e-02
3.984918832753732432e-02
3.988739355566423700e-02
3.992559878379114274e-02
3.996380401191804849e-02
4.000200924004496117e-02
4.004021446817186691e-02
4.007841969629877960e-02
4.011662492442568534e-02
4.015483015255259108e-02
4.019303538067950377e-02
4.023124060880640951e-02
4.026944583693332219e-02
4.030765106506022794e-02
4.034585629318714062e-02
4.038406152131404636e-02
4.042226674944095210e-02
4.046047197756786479e-02
4.049867720569477053e-02
4.053688243382168321e-02
4.057508766194858896e-02
4.061329289007550164e-02
4.065149811820240738e-02
4.068970334632931313e-02
4.072790857445622581e-02
4.076611380258313155e-02
4.080431903071004424e-02
4.084252425883694998e-02
4.088072948696385572e-02
4.091893471509076841e-02
4.095713994321767415e-02
4.099534517134458683e-02
4.103355039947149258e-02
4.107175562759840526e-02
4.110996085572531100e-02
4.114816608385221675e-02
4.118637131197912943e-02
4.122457654010603517e-02
4.126278176823294785e-02
4.130098699635985360e-02
4.133919222448676628e-02
4.137739745261367202e-02
4.141560268074057777e-02
4.145380790886749045e-02
4.149201313699439619e-02
4.153021836512130888e-02
4.156842359324821462e-02
4.160662882137512036e-02
4.164483404950203305e-02
4.168303927762893879e-02
4.172124450575585147e-02
4.175944973388275722e-02
4.179765496200966990e-02
4.183586019013657564e-02
4.187406541826348139e-02
4.191227064639039407e-02
4.195047587451729981e-02
4.198868110264421250e-02
4.202688633077111824e-02
4.206509155889803092e-02
4.210329678702493666e-02
4.214150201515184241e-02
4.217970724327875509e-02
4.221791247140566083e-02
4.225611769953257352e-02
4.229432292765947926e-02
4.233252815578638500e-02
4.237073338391329769e-02
4.240893861204020343e-02
4.244714384016711611e-02
4.248534906829402186e-02
4.252355429642093454e-02
4.256175952454784028e-02
4.259996475267474603e-02
